1.0;0.0;0.0;-67.69000244140625|0.0;1.0;0.0;97.94120025634766|0.0;0.0;1.0;-4.166947364807129|0.0;0.0;0.0;1.0
1.0;0.0;0.0;-67.69000244140625|0.0;1.0;0.0;107.94120025634766|0.0;0.0;1.0;-4.166947364807129|0.0;0.0;0.0;1.0
0.7071068286895752;0.7071067690849304;0.0;-60.618934631347656|-0.7071067690849304;0.7071068286895752;0.0;105.01226806640625|0.0;0.0;1.0;-4.166947364807129|0.0;0.0;0.0;1.0
5.960464477539063e-08;0.9999999403953552;0.0;-57.69000244140625|-0.9999999403953552;5.960464477539063e-08;0.0;97.94120025634766|0.0;0.0;1.0;-4.166947364807129|0.0;0.0;0.0;1.0
-0.7071069478988647;0.7071067690849304;0.0;-60.618934631347656|-0.7071067690849304;-0.7071069478988647;0.0;90.87013244628906|0.0;0.0;1.0;-4.166947364807129|0.0;0.0;0.0;1.0
-1.0;0.0;0.0;-67.69000244140625|0.0;-1.0;0.0;87.94120025634766|0.0;0.0;1.0;-4.166947364807129|0.0;0.0;0.0;1.0
-0.7071069478988647;-0.7071067094802856;0.0;-74.76107025146484|0.7071067094802856;-0.7071069478988647;0.0;90.87013244628906|0.0;0.0;1.0;-4.166947364807129|0.0;0.0;0.0;1.0
5.960464477539063e-08;-0.9999999403953552;0.0;-77.69000244140625|0.9999999403953552;5.960464477539063e-08;0.0;97.94120025634766|0.0;0.0;1.0;-4.166947364807129|0.0;0.0;0.0;1.0
0.7071067094802856;-0.7071068286895752;0.0;-74.76107025146484|0.7071068286895752;0.7071067094802856;0.0;105.01226806640625|0.0;0.0;1.0;-4.166947364807129|0.0;0.0;0.0;1.0
