0.9132368564605713;0.4074289798736572;0.0;371.9687194824219|-0.4074289798736572;0.9132368564605713;0.0;-42.26298904418945|0.0;0.0;1.0;90.64541625976562|0.0;0.0;0.0;1.0
-0.9994266033172607;-0.03385722264647484;0.0;355.044677734375|0.03385722264647484;-0.9994266033172607;0.0;-119.72895812988281|0.0;0.0;1.0;75.31586456298828|0.0;0.0;0.0;1.0
-0.7088706493377686;-0.7053384184837341;0.0;344.77978515625|0.7053384184837341;-0.7088706493377686;0.0;-116.64075469970703|0.0;0.0;1.0;75.32025146484375|0.0;0.0;0.0;1.0
0.0054680705070495605;-0.9999851584434509;0.0;340.7835998535156|0.9999851584434509;0.0054680705070495605;0.0;-106.70477294921875|0.0;0.0;1.0;75.32025146484375|0.0;0.0;0.0;1.0
0.704343318939209;-0.7098594903945923;0.0;344.94232177734375|0.7098594903945923;0.704343318939209;0.0;-96.79638671875|0.0;0.0;1.0;75.31951904296875|0.0;0.0;0.0;1.0
0.999930202960968;-0.011817263439297676;0.0;354.8492126464844|0.011817263439297676;0.999930202960968;0.0;-92.79622650146484|0.0;0.0;1.0;75.32024383544922|0.0;0.0;0.0;1.0
0.7059921026229858;0.7082197070121765;0.0;364.7819519042969|-0.7082197070121765;0.7059921026229858;0.0;-96.80315399169922|0.0;0.0;1.0;75.32025146484375|0.0;0.0;0.0;1.0
-0.009323954582214355;0.999956488609314;0.0;368.9563903808594|-0.999956488609314;-0.009323954582214355;0.0;-106.83985900878906|0.0;0.0;1.0;75.32025146484375|0.0;0.0;0.0;1.0
-0.7049247026443481;0.7092822194099426;0.0;364.6907653808594|-0.7092822194099426;-0.7049247026443481;0.0;-116.6693344116211|0.0;0.0;1.0;75.32025146484375|0.0;0.0;0.0;1.0
-0.5408542156219482;-0.8411164283752441;0.0;354.55316162109375|0.8411164283752441;-0.5408542156219482;0.0;-106.87232971191406|0.0;0.0;1.0;71.91234588623047|0.0;0.0;0.0;1.0