1.0;0.0;0.0;-0.0537867546082|0.0;1.0;0.0;-4.27540445328|0.0;0.0;1.0;-0.0124654769897|0.0;0.0;0.0;1.0
0.286530375481;-0.958071172237;0.0;21.5933361053|0.958071172237;0.286530375481;0.0;16.0152397156|0.0;0.0;1.0;-1.20428514481|0.0;0.0;0.0;1.0
0.28757917881;-0.957756876945;0.0;23.6363143921|0.957756876945;0.28757917881;0.0;22.0486907959|0.0;0.0;1.0;-1.23310220242|0.0;0.0;0.0;1.0
0.291331171989;-0.956622302532;0.0;21.2981929779|0.956622302532;0.291331171989;0.0;9.79271888733|0.0;0.0;1.0;-1.21098637581|0.0;0.0;0.0;1.0
8.43405723572e-05;1.00000011921;0.0;15.191699028|-1.00000011921;8.43405723572e-05;0.0;12.8701858521|0.0;0.0;1.0;-1.26113605499|0.0;0.0;0.0;1.0
-0.00241553783417;0.999997079372;0.0;15.1827411652|-0.999997079372;-0.00241553783417;0.0;20.5032234192|0.0;0.0;1.0;-0.799295306206|0.0;0.0;0.0;1.0
-0.0895956754684;-0.995978236198;0.0;14.1129274368|0.995978236198;-0.0895956754684;0.0;18.9604606628|0.0;0.0;1.0;-0.00999999046326|0.0;0.0;0.0;1.0
-0.0620589256287;-0.998072564602;0.0;14.1921453476|0.998072564602;-0.0620589256287;0.0;13.5737628937|0.0;0.0;1.0;-0.0168375968933|0.0;0.0;0.0;1.0
0.998228251934;0.0595006532967;0.0;11.8008670807|-0.0595006532967;0.998228251934;0.0;18.2779846191|0.0;0.0;1.0;-0.00999975204468|0.0;0.0;0.0;1.0
0.960298776627;0.278973728418;0.0;21.367231369|-0.278973728418;0.960298776627;0.0;16.011592865|0.0;0.0;1.0;-1.16198909283|0.0;0.0;0.0;1.0
0.960298776627;0.278973728418;0.0;24.5676670074|-0.278973728418;0.960298776627;0.0;15.0818414688|0.0;0.0;1.0;0.172886908054|0.0;0.0;0.0;1.0
0.636890649796;0.434442937374;-0.636890649796;24.5676670074|-0.307197540998;0.90069937706;0.307197540998;15.0818414688|0.70710682869;0.0;0.70710670948;0.172886908054|0.0;0.0;0.0;1.0
0.434443026781;-0.90069937706;0.0;25.841375351|0.90069937706;0.434442996979;0.0;14.4674816132|0.0;0.0;1.0;1.58702015877|0.0;0.0;0.0;1.0
0.434443026781;-0.780028522015;0.45034968853;49.2422332764|0.90069937706;0.376238673925;-0.217221498489;3.18032169342|0.0;0.5;0.866025388241;-13.4129800797|0.0;0.0;0.0;1.0
0.434443026781;-0.780028522015;0.45034968853;45.9839096069|0.90069937706;0.376238673925;-0.217221498489;-3.57492351532|0.0;0.5;0.866025388241;-13.4129800797|0.0;0.0;0.0;1.0
0.434443026781;-0.780028522015;0.45034968853;52.5005569458|0.90069937706;0.376238673925;-0.217221498489;9.93556690216|0.0;0.5;0.866025388241;-13.4129800797|0.0;0.0;0.0;1.0




-1.0;0.0;0.0;-0.0537867546082|0.0;-1.0;0.0;-4.27540445328|0.0;0.0;1.0;-0.0124654769897|0.0;0.0;0.0;1.0
-1.0;0.0;0.0;-15.0537872314|0.0;-1.0;0.0;-4.27540445328|0.0;0.0;1.0;-0.0124654769897|0.0;0.0;0.0;1.0
-1.0;0.0;0.0;14.9462127686|0.0;-1.0;0.0;-4.27540445328|0.0;0.0;1.0;-0.0124654769897|0.0;0.0;0.0;1.0







0.956383764744;0.292121469975;0.0;21.8642520905|-0.292121469975;0.956383764744;0.0;16.1838283539|0.0;0.0;1.0;-1.1584533453|0.0;0.0;0.0;1.0
0.956383764744;0.292121469975;0.0;25.6859264374|-0.292121469975;0.956383764744;0.0;15.0165205002|0.0;0.0;1.0;0.840545833111|0.0;0.0;0.0;1.0
0.855416059494;0.292121469975;-0.427707076073;25.6859264374|-0.261281490326;0.956383764744;0.130640462041;15.0165205002|0.447212785482;0.0;0.894427597523;0.840545833111|0.0;0.0;0.0;1.0
0.828252673149;0.292121469975;-0.478191912174;23.5473861694|-0.25298461318;0.956383764744;0.146060734987;15.6697235107|0.5;0.0;0.866025388241;0.281530916691|0.0;0.0;0.0;1.0
0.828252673149;0.292121469975;-0.478191912174;23.2528095245|-0.25298461318;0.956383764744;0.146060734987;15.7597007751|0.5;0.0;0.866025388241;-0.184975430369|0.0;0.0;0.0;1.0
0.866778075695;0.292121469975;-0.404185265303;23.0361156464|-0.264751940966;0.956383764744;0.123455867171;15.8258886337|0.42261826992;0.0;0.906307756901;-0.290629982948|0.0;0.0;0.0;1.0
0.866778075695;0.292121469975;-0.404185265303;22.8627605438|-0.264751940966;0.956383764744;0.123455867171;15.8788394928|0.42261826992;0.0;0.906307756901;-0.375153630972|0.0;0.0;0.0;1.0
0.866778075695;0.292121469975;-0.404185265303;22.60272789|-0.264751940966;0.956383764744;0.123455867171;15.9582653046|0.42261826992;0.0;0.906307756901;-0.501939117908|0.0;0.0;0.0;1.0


0.956381380558;0.292121499777;0.0;25.9710006714|-0.292121499777;0.956381261349;0.0;14.929444313|0.0;0.0;1.0;0.0248464569449|0.0;0.0;0.0;1.0
0.478190690279;0.292121499777;0.828250646591;24.4168815613|-0.146060734987;0.956381320953;-0.252984642982;15.4041414261|-0.866025447845;0.0;0.499999970198;-2.7897362709|0.0;0.0;0.0;1.0








0.291847646236;-0.956464827061;0.0;25.9969100952|0.956464827061;0.291847646236;0.0;15.5896930695|0.0;0.0;1.0;0.793127775192|0.0;0.0;0.0;1.0









0.292999148369;-0.956112742424;0.0;25.9963722229|0.956112742424;0.292999148369;0.0;15.6671295166|0.0;0.0;1.0;0.802081108093|0.0;0.0;0.0;1.0
0.292999148369;-0.898452043533;0.327009797096;51.9976882935|0.956112742424;0.275329113007;-0.10021160543;4.29988956451|0.0;0.342020153999;0.939692616463;-9.45852375031|0.0;0.0;0.0;1.0
0.292999148369;-0.898452043533;0.327009797096;53.9021835327|0.956112742424;0.275329113007;-0.10021160543;10.5146217346|0.0;0.342020153999;0.939692616463;-9.45852375031|0.0;0.0;0.0;1.0
0.292999148369;-0.898452043533;0.327009797096;55.806678772|0.956112742424;0.275329113007;-0.100211620331;16.7293548584|0.0;0.342020153999;0.939692616463;-9.45852375031|0.0;0.0;0.0;1.0
0.292999148369;-0.898452043533;0.327009797096;50.0931968689|0.956112742424;0.275329113007;-0.100211620331;-1.91484451294|0.0;0.342020153999;0.939692616463;-9.45852375031|0.0;0.0;0.0;1.0





-1.0;0.0;0.0;-16.3037872314|0.0;-1.0;0.0;-4.27540445328|0.0;0.0;1.0;6.48753452301|0.0;0.0;0.0;1.0
-1.0;0.0;0.0;16.1962127686|0.0;-1.0;0.0;-34.2754058838|0.0;0.0;1.0;6.48753452301|0.0;0.0;0.0;1.0
4.37113882867e-08;-1.0;0.0;-0.0537867546082|1.0;4.37113882867e-08;0.0;-34.2754058838|0.0;0.0;1.0;6.48753452301|0.0;0.0;0.0;1.0
4.37113882867e-08;-1.0;0.0;-0.0537838488817|1.0;4.37113882867e-08;0.0;32.2245941162|0.0;0.0;1.0;6.48753452301|0.0;0.0;0.0;1.0