-0.991394519806;-0.130917415023;0.0;0.214238554239|0.130917415023;-0.991394519806;0.0;-1.68639194965|0.0;0.0;1.0;-34.4000701904|0.0;0.0;0.0;1.0
-0.999938488007;0.0110929999501;0.0;-0.0118662388995|-0.0110929999501;-0.999938488007;0.0;-45.5376777649|0.0;0.0;1.0;-40.066192627|0.0;0.0;0.0;1.0
-0.999995946884;0.00284751667641;0.0;0.391954511404|-0.00284751667641;-0.999995946884;0.0;46.8345069885|0.0;0.0;1.0;-40.066192627|0.0;0.0;0.0;1.0
-0.984132647514;0.177434191108;0.0;-7.2916431427|-0.177434191108;-0.984132647514;0.0;45.0135345459|0.0;0.0;1.0;-40.0744361877|0.0;0.0;0.0;1.0
-0.978515267372;-0.206175044179;0.0;7.27345228195|0.206175044179;-0.978515267372;0.0;44.9127998352|0.0;0.0;1.0;-40.0745658875|0.0;0.0;0.0;1.0
0.996596157551;0.0824381113052;0.0;45.7058067322|-0.0824381113052;0.996596157551;0.0;0.217723488808|0.0;0.0;1.0;-40.0548095703|0.0;0.0;0.0;1.0
0.0161137580872;0.999870300293;0.0;-45.5318222046|-0.999870300293;0.0161137580872;-0.0;-0.0814352855086|-0.0;0.0;1.0;-40.054813385|0.0;0.0;0.0;1.0
-0.999994337559;0.00330579094589;0.0;-0.100054636598|-0.00330579094589;-0.999994337559;0.0;-45.5575447083|0.0;0.0;1.0;-49.0749778748|0.0;0.0;0.0;1.0
-0.999994337559;0.00330579094589;0.0;-0.100054636598|-0.00330579094589;-0.999994337559;0.0;-45.5575447083|0.0;0.0;1.0;-20.0823116302|0.0;0.0;0.0;1.0
