0.846961557865;0.531654179096;0.0;-88.0223846436|-0.531654179096;0.846961557865;-0.0;-183.217514038|-0.0;0.0;1.0;-77.1287689209|0.0;0.0;0.0;1.0
-0.555932641029;-0.831227302551;0.0;-53.5867118835|0.831227302551;-0.555932641029;0.0;-197.823440552|0.0;0.0;1.0;82.6658554077|0.0;0.0;0.0;1.0
-0.35020929575;-0.936671495438;0.0;-106.841003418|0.936671495438;-0.35020929575;0.0;94.4434051514|0.0;0.0;1.0;16.7402744293|0.0;0.0;0.0;1.0






