-0.116573035717;-0.993187725544;-0.000633847259451;451.263702393|0.993187844753;-0.116573154926;0.000154584558913;86.4027862549|-0.000227416632697;-0.000611506635323;0.999999761581;-38.8310966492|0.0;0.0;0.0;1.0
0.693521797657;-0.720435678959;0.0;481.270751953|0.720435678959;0.693521797657;0.0;92.615020752|0.0;0.0;1.0;-38.0091972351|0.0;0.0;0.0;1.0
-0.0328593999147;-0.999459981918;0.0;481.732757568|0.999459981918;-0.0328593999147;0.0;98.9585342407|0.0;0.0;1.0;-36.4659309387|0.0;0.0;0.0;1.0






