-0.2524145841598511;-0.9676191806793213;0.0;148.40406799316406|0.9676191806793213;-0.2524145841598511;0.0;109.32093048095703|0.0;0.0;1.0;-4.394392013549805|0.0;0.0;0.0;1.0
-0.9194071292877197;-0.39330747723579407;0.0;56.826053619384766|0.39330747723579407;-0.9194071292877197;0.0;179.46875|0.0;0.0;1.0;-10.477468490600586|0.0;0.0;0.0;1.0
-0.7727856636047363;-0.6346670985221863;0.0;-59.14799880981445|0.6346670985221863;-0.7727856636047363;0.0;169.0729522705078|0.0;0.0;1.0;-10.150688171386719|0.0;0.0;0.0;1.0
0.9862275123596191;0.16539451479911804;0.0;-68.77149963378906|-0.16539451479911804;0.9862275123596191;0.0;88.17462921142578|0.0;0.0;1.0;16.723594665527344|0.0;0.0;0.0;1.0
-0.01737689971923828;0.9998490214347839;0.0;-109.92952728271484|-0.9998490214347839;-0.01737689971923828;-0.0;-91.69688415527344|-0.0;0.0;1.0;1.9430060386657715|0.0;0.0;0.0;1.0
0.6114398241043091;-0.7912909388542175;0.0;12.837124824523926|0.7912909388542175;0.6114398241043091;0.0;-80.11942291259766|0.0;0.0;1.0;-5.47207498550415|0.0;0.0;0.0;1.0
-0.1821892261505127;-0.9832634925842285;0.0;146.08702087402344|0.9832634925842285;-0.1821892261505127;0.0;-46.934783935546875|0.0;0.0;1.0;2.2196531295776367|0.0;0.0;0.0;1.0


