0.512361049652;-0.858770132065;0.0;118.346214294|0.858770132065;0.512361049652;0.0;-820.440856934|0.0;0.0;1.0;29.5162029266|0.0;0.0;0.0;1.0
0.642659902573;-0.766151547432;0.0;29.6025543213|0.766151547432;0.642659902573;0.0;-797.068725586|0.0;0.0;1.0;78.9487380981|0.0;0.0;0.0;1.0
0.884375929832;-0.466775357723;0.0;247.555480957|0.466775357723;0.884375929832;0.0;-769.583251953|0.0;0.0;1.0;14.2969684601|0.0;0.0;0.0;1.0
0.922051668167;0.387066870928;0.0;323.674560547|-0.387066870928;0.922051668167;-0.0;-677.12689209|-0.0;0.0;1.0;14.1057510376|0.0;0.0;0.0;1.0





