
0.9940535426139832;-0.10889250040054321;0.0;539.0360107421875|0.10889250040054321;0.9940535426139832;0.0;-827.6983032226562|0.0;0.0;1.0;83.71726989746094|0.0;0.0;0.0;1.0
-0.45466917753219604;-0.8906585574150085;0.0;537.2120971679688|0.8906585574150085;-0.45466917753219604;0.0;-834.1142578125|0.0;0.0;1.0;83.71726989746094|0.0;0.0;0.0;1.0
0.9171606302261353;-0.39851316809654236;0.0;538.1226806640625|0.39851316809654236;0.9171606302261353;0.0;-826.7128295898438|0.0;0.0;1.0;78.8470687866211|0.0;0.0;0.0;1.0
-0.6355621218681335;-0.7720463871955872;0.0;535.425048828125|0.7720463871955872;-0.6355621218681335;0.0;-834.6806640625|0.0;0.0;1.0;78.8470687866211|0.0;0.0;0.0;1.0
0.4355453550815582;-0.9001635313034058;0.0;536.856201171875|0.9001635313034058;0.4355453550815582;0.0;-830.6920776367188|0.0;0.0;1.0;78.8470687866211|0.0;0.0;0.0;1.0



