0.08716428279876709;0.9961940050125122;0.0;401.31842041015625|-0.9961940050125122;0.08716428279876709;0.0;-862.1927490234375|0.0;0.0;1.0;-13.257377624511719|0.0;0.0;0.0;1.0
0.9591508507728577;0.28289514780044556;0.0;543.0892944335938|-0.28289514780044556;0.9591508507728577;0.0;-779.1426391601562|0.0;0.0;1.0;72.80731964111328|0.0;0.0;0.0;1.0
0.8591686487197876;0.511692464351654;0.0;331.17425537109375|-0.511692464351654;0.8591686487197876;0.0;-783.3305053710938|0.0;0.0;1.0;9.985533714294434|0.0;0.0;0.0;1.0
0.9493911862373352;-0.314096063375473;0.0;541.1513061523438|0.314096063375473;0.9493911862373352;0.0;-546.37158203125|0.0;0.0;1.0;53.07678985595703|0.0;0.0;0.0;1.0





