-0.721577882767;0.69233328104;0.0;809.765319824|-0.69233328104;-0.721577882767;0.0;-609.743347168|0.0;0.0;1.0;259.053283691|0.0;0.0;0.0;1.0
0.694785952568;-0.719216585159;0.0;237.914428711|0.719216585159;0.694785952568;0.0;-167.982955933|0.0;0.0;1.0;256.544067383|0.0;0.0;0.0;1.0
0.965868115425;0.259034365416;0.0;237.914428711|-0.259034365416;0.965868115425;0.0;-167.982955933|0.0;0.0;1.0;256.544067383|0.0;0.0;0.0;1.0
0.20363199710845947;-0.9790475368499756;0.0;71.86119842529297|0.9790475368499756;0.20363199710845947;0.0;-483.01153564453125|0.0;0.0;1.0;60.00284957885742|0.0;0.0;0.0;1.0
0.20363199710845947;-0.9790475368499756;0.0;71.86119842529297|0.9790475368499756;0.20363199710845947;0.0;-483.01153564453125|0.0;0.0;1.0;60.00284957885742|0.0;0.0;0.0;1.0
1.0;0.0;0.0;124|0.0;1.0;0.0;-89|0.0;0.0;1.0;242|0.0;0.0;0.0;1.0
1.0;0.0;0.0;125.2|0.0;1.0;0.0;-81.5|0.0;0.0;1.0;241.4|0.0;0.0;0.0;1.0
1.0;0.0;0.0;125.2|0.0;1.0;0.0;-89|0.0;0.0;1.0;241.4|0.0;0.0;0.0;1.0
1.0;0.0;0.0;125.2|0.0;1.0;0.0;-96.5|0.0;0.0;1.0;241.4|0.0;0.0;0.0;1.0
1.0;0.0;0.0;309.7|0.0;1.0;0.0;-42.75|0.0;0.0;1.0;257.4|0.0;0.0;0.0;1.0
1.0;0.0;0.0;309.7|0.0;1.0;0.0;-50.25|0.0;0.0;1.0;257.4|0.0;0.0;0.0;1.0
1.0;0.0;0.0;280|0.0;1.0;0.0;-44.25|0.0;0.0;1.0;258|0.0;0.0;0.0;1.0
1.0;0.0;0.0;280|0.0;1.0;0.0;-51.75|0.0;0.0;1.0;258|0.0;0.0;0.0;1.0
1.0;0.0;0.0;219|0.0;1.0;0.0;-44.25|0.0;0.0;1.0;258|0.0;0.0;0.0;1.0
1.0;0.0;0.0;219|0.0;1.0;0.0;-51.75|0.0;0.0;1.0;258|0.0;0.0;0.0;1.0
1.0;0.0;0.0;158|0.0;1.0;0.0;-44.25|0.0;0.0;1.0;258|0.0;0.0;0.0;1.0
1.0;0.0;0.0;158|0.0;1.0;0.0;-51.75|0.0;0.0;1.0;258|0.0;0.0;0.0;1.0
1.0;0.0;0.0;219|0.0;1.0;0.0;-36.75|0.0;0.0;1.0;258|0.0;0.0;0.0;1.0
1.0;0.0;0.0;219|0.0;1.0;0.0;-59.25|0.0;0.0;1.0;258|0.0;0.0;0.0;1.0
1.0;0.0;0.0;158|0.0;1.0;0.0;-36.75|0.0;0.0;1.0;258|0.0;0.0;0.0;1.0
1.0;0.0;0.0;158|0.0;1.0;0.0;-59.25|0.0;0.0;1.0;258|0.0;0.0;0.0;1.0









1.0;0.0;0.0;154.622879028|0.0;1.0;0.0;-88.9984130859|0.0;0.0;1.0;255.43347168|0.0;0.0;0.0;1.0
-0.275637179613;-0.961261630058;0.0;154.622879028|0.961261630058;-0.275637179613;0.0;-88.9984130859|0.0;0.0;1.0;258.68347168|0.0;0.0;0.0;1.0


















1.31134157755e-07;-1.0;0.0;116.25|1.0;1.31134157755e-07;0.0;-89.0|0.0;0.0;1.0;218.75|0.0;0.0;0.0;1.0
1.31134157755e-07;0.0;1.0;116.25|1.0;-5.73205618374e-15;0.0;-89.0|0.0;1.0;-4.37113882867e-08;218.75|0.0;0.0;0.0;1.0
0.791182041168;-0.318852335215;-0.521885633469;310.635253906|0.260539084673;0.947755277157;-0.184063673019;-41.75|0.553308963776;0.00965646654367;0.832920372486;254.591705322|0.0;0.0;0.0;1.0
0.521885573864;-0.318852335215;0.791182041168;310.635253906|0.184063658118;0.947755277157;0.260539084673;-41.75|-0.832920372486;0.00965646654367;0.553308904171;254.591705322|0.0;0.0;0.0;1.0
0.521885573864;-0.318852335215;0.791182041168;313.026641846|0.184063658118;0.947755277157;0.260539084673;-48.8581619263|-0.832920372486;0.00965646654367;0.553308904171;254.519271851|0.0;0.0;0.0;1.0
1.0;0.0;0.0;282.5|0.0;1.0;0.0;-44.0|0.0;0.0;1.0;254.75|0.0;0.0;0.0;1.0
-4.37113882867e-08;0.0;1.0;282.5|1.0;1.91068546516e-15;0.0;-44.0|0.0;1.0;-4.37113882867e-08;254.75|0.0;0.0;0.0;1.0
-4.37113882867e-08;0.309017002583;0.951056540012;282.5|1.0;1.81716985141e-15;0.0;-44.0|0.0;0.951056540012;-0.309017032385;254.75|0.0;0.0;0.0;1.0
-4.15720009528e-08;0.0;1.0;282.5|0.951056540012;-0.309017002583;0.0;-44.0|0.309017002583;0.951056540012;-4.37113882867e-08;254.75|0.0;0.0;0.0;1.0
0.30901697278;0.0;0.951056540012;282.5|0.951056540012;1.91068546516e-15;-0.309017002583;-44.0|0.0;1.0;-4.15720009528e-08;254.75|0.0;0.0;0.0;1.0








































0.00654011964798;0.999978721142;0.0;-0.41703543067|-0.999978721142;0.00654011964798;0.0;-93.100189209|0.0;0.0;1.0;294.695495605|0.0;0.0;0.0;1.0
4.17232513428e-07;-0.833885788918;-0.551936924458;81.1703567505|0.999999880791;3.56362960474e-07;0.0;-88.9984130859|0.0;-0.551936864853;0.833885908127;220.886352539|0.0;0.0;0.0;1.0
0.862352311611;0.506308674812;0.0;839.861083984|-0.506308674812;0.862352311611;0.0;-542.740478516|0.0;0.0;1.0;275.378082275|0.0;0.0;0.0;1.0