
0.997808575630188;-0.0661664754152298;0.0;78.94420623779297|0.0661664754152298;0.997808575630188;0.0;-281.6029968261719|0.0;0.0;1.0;10086.12109375|0.0;0.0;0.0;1.0
0.997808575630188;-0.0661664754152298;0.0;73.06167602539062|0.0661664754152298;0.997808575630188;0.0;-281.99310302734375|0.0;0.0;1.0;10086.1064453125|0.0;0.0;0.0;1.0
-0.8523998260498047;0.5228905081748962;0.0;-84.49986267089844|-0.5228905081748962;-0.8523998260498047;0.0;-586.1337280273438|0.0;0.0;1.0;10086.4873046875|0.0;0.0;0.0;1.0
-0.5684676170349121;-0.8227056264877319;0.0;-113.93212127685547|0.8227056264877319;-0.5684676170349121;0.0;-606.9603881835938|0.0;0.0;1.0;10067.69921875|0.0;0.0;0.0;1.0
-0.8926442861557007;-0.4507618844509125;0.0;-122.40422821044922|0.4507618844509125;-0.8926442861557007;0.0;-605.3822631835938|0.0;0.0;1.0;10074.0224609375|0.0;0.0;0.0;1.0



