
0.867245197296;0.497879952192;0.0;-286.745513916|-0.497879952192;0.867245197296;0.0;77.6907730103|0.0;0.0;1.0;184.793121338|0.0;0.0;0.0;1.0
0.876990318298;0.480507999659;0.0;-110.480117798|-0.480507999659;0.876990318298;0.0;-211.824981689|0.0;0.0;1.0;127.108070374|0.0;0.0;0.0;1.0
-0.0436133146286;-0.999048531055;0.0;83.1515960693|0.999048531055;-0.0436133146286;0.0;-89.1200866699|0.0;0.0;1.0;222.4168396|0.0;0.0;0.0;1.0
0.277616649866;0.960699498653;0.0;308.860046387|-0.960699498653;0.277616649866;0.0;-36.8210487366|0.0;0.0;1.0;338.733856201|0.0;0.0;0.0;1.0
-0.926372885704;0.376607686281;0.0;-163.218536377|-0.376607686281;-0.926372885704;0.0;-743.600463867|0.0;0.0;1.0;-0.0228424072266|0.0;0.0;0.0;1.0
-0.304395437241;-0.946082174778;-0.110790871084;-157.26171875|0.889026403427;-0.323930829763;0.323579192162;-760.827514648|-0.342020124197;0.0;0.939692616463;105.452400208|0.0;0.0;0.0;1.0
-0.387595534325;-0.921829879284;0.0;624.585693359|0.921829879284;-0.387595534325;0.0;-1147.22729492|0.0;0.0;1.0;-0.0228424072266|0.0;0.0;0.0;1.0
0.999533116817;0.0305515229702;0.0;21.787858963|-0.0305515229702;0.999533116817;0.0;-1734.05480957|0.0;0.0;1.0;-0.0228424072266|0.0;0.0;0.0;1.0
-0.9991162419319153;0.04202805086970329;0.0;-0.08593860268592834|-0.04202805086970329;-0.9991162419319153;0.0;65.7525634765625|0.0;0.0;1.0;487.78936767578125|0.0;0.0;0.0;1.0
0.9999995827674866;-0.0012315232306718826;0.0;-4.370309829711914|0.0012315232306718826;0.9999995827674866;0.0;700.27587890625|0.0;0.0;1.0;1454.111572265625|0.0;0.0;0.0;1.0
-0.9999245405197144;-0.012346498668193817;0.0;-125.92784881591797|0.012346498668193817;-0.9999245405197144;0.0;-416.54241943359375|0.0;0.0;1.0;112.22066497802734|0.0;0.0;0.0;1.0
0.9995248317718506;-0.030823420733213425;0.0;168.40548706054688|0.030823420733213425;0.9995248317718506;0.0;-393.4793701171875|0.0;0.0;1.0;160.642333984375|0.0;0.0;0.0;1.0
0.14688217639923096;-0.9855121374130249;0.08480244874954224;295.1040954589844|0.8534785509109497;0.16960495710372925;0.49275606870651245;-620.3076782226562|-0.5;-2.9802322387695312e-08;0.8660253882408142;274.9648742675781|0.0;0.0;0.0;1.0
-0.2690396308898926;-0.9631255269050598;0.0;308.962646484375|0.9631255269050598;-0.2690396308898926;0.0;-35.930110931396484|0.0;0.0;1.0;339.27667236328125|0.0;0.0;0.0;1.0