
0.867245197296;0.497879952192;0.0;-286.745513916|-0.497879952192;0.867245197296;0.0;77.6907730103|0.0;0.0;1.0;184.793121338|0.0;0.0;0.0;1.0
0.876990318298;0.480507999659;0.0;-110.480117798|-0.480507999659;0.876990318298;0.0;-211.824981689|0.0;0.0;1.0;127.108070374|0.0;0.0;0.0;1.0
-0.0436133146286;-0.999048531055;0.0;83.1515960693|0.999048531055;-0.0436133146286;0.0;-89.1200866699|0.0;0.0;1.0;222.4168396|0.0;0.0;0.0;1.0
0.277616649866;0.960699498653;0.0;308.860046387|-0.960699498653;0.277616649866;0.0;-36.8210487366|0.0;0.0;1.0;338.733856201|0.0;0.0;0.0;1.0
-0.926372885704;0.376607686281;0.0;-163.218536377|-0.376607686281;-0.926372885704;0.0;-743.600463867|0.0;0.0;1.0;-0.0228424072266|0.0;0.0;0.0;1.0
-0.304395437241;-0.946082174778;-0.110790871084;-157.26171875|0.889026403427;-0.323930829763;0.323579192162;-760.827514648|-0.342020124197;0.0;0.939692616463;105.452400208|0.0;0.0;0.0;1.0
-0.387595534325;-0.921829879284;0.0;624.585693359|0.921829879284;-0.387595534325;0.0;-1147.22729492|0.0;0.0;1.0;-0.0228424072266|0.0;0.0;0.0;1.0
0.999533116817;0.0305515229702;0.0;21.787858963|-0.0305515229702;0.999533116817;0.0;-1734.05480957|0.0;0.0;1.0;-0.0228424072266|0.0;0.0;0.0;1.0
