-0.97687792778;-0.213799640536;0.0;-25.3311805725|0.213799640536;-0.97687792778;0.0;87.2949981689|0.0;0.0;1.0;32.2417106628|0.0;0.0;0.0;1.0
-0.269726157188;-0.962937116623;0.0;-35.9140167236|0.962937116623;-0.269726157188;0.0;106.764717102|0.0;0.0;1.0;69.7302703857|0.0;0.0;0.0;1.0
0.797172248363;-0.603751957417;0.0;84.2135925293|0.603751957417;0.797172248363;0.0;83.812171936|0.0;0.0;1.0;27.8458595276|0.0;0.0;0.0;1.0
-0.884025812149;0.467438936234;0.0;212.984649658|-0.467438936234;-0.884025812149;0.0;0.736941099167|0.0;0.0;1.0;16.2351169586|0.0;0.0;0.0;1.0





