
0.9891100525856018;0.14717784523963928;0.0;94.53093719482422|-0.14717784523963928;0.9891100525856018;0.0;-446.3661804199219|0.0;0.0;1.0;-250.3880157470703|0.0;0.0;0.0;1.0
-0.48956072330474854;-0.8719692826271057;0.0;-122.21915435791016|0.8719692826271057;-0.48956072330474854;0.0;-609.2238159179688|0.0;0.0;1.0;10074.0224609375|0.0;0.0;0.0;1.0

-0.5000003576278687;-0.8660253882408142;-2.190014498637538e-07;-215.771240234375|0.8660253882408142;-0.5000003576278687;-1.264405966594495e-07;51.268798828125|-1.4210854715202004e-14;-2.5288110805377073e-07;1.0;-9.731158256530762|0.0;0.0;0.0;1.0





-0.8450760841369629;0.5346460938453674;0.0;-2.6222054958343506|-0.5346460938453674;-0.8450760841369629;0.0;484.0302429199219|0.0;0.0;1.0;955.5525512695312|0.0;0.0;0.0;1.0
-0.9151396751403809;-0.4031372368335724;0.0;148.12535095214844|0.4031372368335724;-0.9151396751403809;0.0;489.82098388671875|0.0;0.0;1.0;955.5537719726562|0.0;0.0;0.0;1.0
0.5104871988296509;0.8598853349685669;0.0;121.0428695678711|-0.8598853349685669;0.5104871988296509;0.0;563.093994140625|0.0;0.0;1.0;955.553466796875|0.0;0.0;0.0;1.0
0.43844807147979736;0.8987565636634827;0.0;114.41329193115234|-0.8987565636634827;0.43844807147979736;0.0;560.0609130859375|0.0;0.0;1.0;965.5792236328125|0.0;0.0;0.0;1.0
0.9989967346191406;0.044783227145671844;0.0;71.30638885498047|-0.044783227145671844;0.9989967346191406;0.0;578.5431518554688|0.0;0.0;1.0;965.5792236328125|0.0;0.0;0.0;1.0
0.9884623289108276;-0.15146684646606445;0.0;71.0548324584961|0.15146684646606445;0.9884623289108276;0.0;530.4542236328125|0.0;0.0;1.0;965.7169799804688|0.0;0.0;0.0;1.0
0.9999443888664246;0.01054536085575819;0.0;70.97351837158203|-0.01054536085575819;0.9999443888664246;0.0;522.3018188476562|0.0;0.0;1.0;993.5548706054688|0.0;0.0;0.0;1.0
0.9999991655349731;0.0012853777734562755;0.0;0.2982189953327179|-0.0012853777734562755;0.9999991655349731;0.0;219.60023498535156|0.0;0.0;1.0;-30.012252807617188|0.0;0.0;0.0;1.0
0.8834255933761597;0.4685715138912201;0.0;-372.54437255859375|-0.4685715138912201;0.8834255933761597;0.0;7.343067646026611|0.0;0.0;1.0;-0.022900819778442383|0.0;0.0;0.0;1.0