
0.2299191951751709;-0.973209798336029;0.0;122.10981750488281|0.973209798336029;0.2299191951751709;0.0;84.18578338623047|0.0;0.0;1.0;-4.601962089538574|0.0;0.0;0.0;1.0
0.41822507977485657;-0.9083435535430908;0.0;143.2426300048828|0.9083435535430908;0.41822507977485657;0.0;61.23896026611328|0.0;0.0;1.0;18.069841384887695|0.0;0.0;0.0;1.0
-0.8688150644302368;-0.49513670802116394;0.0;56.826053619384766|0.49513670802116394;-0.8688150644302368;0.0;179.46875|0.0;0.0;1.0;-10.477468490600586|0.0;0.0;0.0;1.0
-0.7727856636047363;-0.6346670985221863;0.0;-59.14799880981445|0.6346670985221863;-0.7727856636047363;0.0;169.0729522705078|0.0;0.0;1.0;-10.150688171386719|0.0;0.0;0.0;1.0
0.2411457896232605;-0.9665118455886841;-0.08776989579200745;-73.42739868164062|0.9082241058349609;0.2566220164299011;-0.33056649565696716;94.37361907958984|0.3420201241970062;0.0;0.9396926164627075;7.310398101806641|0.0;0.0;0.0;1.0
-0.01737689971923828;0.9998490214347839;0.0;-109.92952728271484|-0.9998490214347839;-0.01737689971923828;-0.0;-91.69688415527344|-0.0;0.0;1.0;1.9430060386657715|0.0;0.0;0.0;1.0
0.6114398241043091;-0.7912909388542175;0.0;12.837124824523926|0.7912909388542175;0.6114398241043091;0.0;-80.11942291259766|0.0;0.0;1.0;-5.47207498550415|0.0;0.0;0.0;1.0
-0.9245717525482178;0.17867153882980347;0.3365165889263153;145.9479217529297|-0.1678963303565979;-0.9839087128639221;0.061109259724617004;-49.43994903564453|0.3420201241970062;1.862645149230957e-09;0.9396926760673523;1.9324443340301514|0.0;0.0;0.0;1.0
0.7278523445129395;-0.6857351064682007;0.0;235.03329467773438|0.6857351064682007;0.7278523445129395;0.0;-6.707118988037109|0.0;0.0;1.0;-33.75537872314453|0.0;0.0;0.0;1.0