
5.960464477539063e-08;-0.9999999403953552;0.0;-94.84207153320312|0.9999999403953552;5.960464477539063e-08;0.0;6.10245943069458|0.0;0.0;1.0;1.7330000400543213|0.0;0.0;0.0;1.0
-0.4146932363510132;-0.9099612832069397;0.0;26.208547592163086|0.9099612832069397;-0.4146932363510132;0.0;-50.329444885253906|0.0;0.0;1.0;-23.863000869750977|0.0;0.0;0.0;1.0
-0.8894203901290894;0.45708993077278137;0.0;83.57453918457031|-0.45708993077278137;-0.8894203901290894;0.0;-111.34693145751953|0.0;0.0;1.0;-82.59941864013672|0.0;0.0;0.0;1.0
-0.9910277128219604;-0.13365626335144043;0.0;-27.328466415405273|0.13365626335144043;-0.9910277128219604;0.0;-5.11398983001709|0.0;0.0;1.0;-48.28543472290039|0.0;0.0;0.0;1.0




