1.0;0.0;0.0;419.9662780761719|0.0;1.0;0.0;-99.0672378540039|0.0;0.0;1.0;-47.27500534057617|0.0;0.0;0.0;1.0
-0.43925297260284424;-0.898363471031189;0.0;743.0|0.898363471031189;-0.43925297260284424;0.0;-108.1609878540039|0.0;0.0;1.0;-136.20188903808594|0.0;0.0;0.0;1.0
-0.9278119802474976;-0.37304773926734924;0.0;800.6180419921875|0.37304773926734924;-0.9278119802474976;0.0;-13.892480850219727|0.0;0.0;1.0;-23.1927433013916|0.0;0.0;0.0;1.0
-0.09537827968597412;-0.9954410791397095;0.0;1059.71484375|0.9954410791397095;-0.09537827968597412;0.0;202.99415588378906|0.0;0.0;1.0;-0.03284263610839844|0.0;0.0;0.0;1.0





