
0.7528099417686462;-0.6582379937171936;0.0;-116.00603485107422|0.6582379937171936;0.7528099417686462;0.0;-143.33570861816406|0.0;0.0;1.0;-24.363901138305664|0.0;0.0;0.0;1.0
0.7443817853927612;0.6677542924880981;0.0;-85.91736602783203|-0.6677542924880981;0.7443817853927612;-0.0;-181.05841064453125|-0.0;0.0;1.0;-77.11876678466797|0.0;0.0;0.0;1.0
-0.5571719408035278;0.8303971290588379;0.0;-163.80992126464844|-0.8303971290588379;-0.5571719408035278;0.0;-338.0382995605469|0.0;0.0;1.0;-27.739717483520508|0.0;0.0;0.0;1.0
-0.434118390083313;0.9008558392524719;0.0;-188.5319366455078|-0.9008558392524719;-0.434118390083313;0.0;-387.5556335449219|0.0;0.0;1.0;-10.905838012695312|0.0;0.0;0.0;1.0
0.6072759628295898;-0.7944909334182739;0.0;-210.71115112304688|0.7944909334182739;0.6072759628295898;0.0;-417.968994140625|0.0;0.0;1.0;-13.699271202087402|0.0;0.0;0.0;1.0
-0.6053334474563599;0.7959721088409424;0.0;-224.18630981445312|-0.7959721088409424;-0.6053334474563599;0.0;-453.484619140625|0.0;0.0;1.0;-16.81584930419922|0.0;0.0;0.0;1.0
-0.44434309005737305;0.8958568572998047;0.0;-213.2941436767578|-0.8958568572998047;-0.44434309005737305;-0.0;-322.8205261230469|-0.0;0.0;1.0;13.71666145324707|0.0;0.0;0.0;1.0
0.6564770936965942;-0.7543459534645081;0.0;-413.89306640625|0.7543459534645081;0.6564770936965942;0.0;236.18162536621094|0.0;0.0;1.0;29.37824058532715|0.0;0.0;0.0;1.0

-0.6108728647232056;0.791728675365448;0.0;199.02256774902344|-0.791728675365448;-0.6108728647232056;0.0;56.235530853271484|0.0;0.0;1.0;-0.02284304052591324|0.0;0.0;0.0;1.0