-0.325927853584;0.945394575596;0.0;-5.91457986832|-0.945394575596;-0.325927853584;0.0;-3.54332923889|0.0;0.0;1.0;-2.01754665375|0.0;0.0;0.0;1.0
-0.98060631752;-0.195987895131;0.0;-7.21425580978|0.195987895131;-0.98060631752;0.0;-0.966573953629|0.0;0.0;1.0;-15.7495536804|0.0;0.0;0.0;1.0
-0.950536251068;-0.310614049435;0.0;-5.96684789658|0.310614049435;-0.950536251068;0.0;2.85072398186|0.0;0.0;1.0;-15.7495517731|0.0;0.0;0.0;1.0