1.0;0.0;0.0;-67.6900482178|0.0;1.0;0.0;97.9411849976|0.0;0.0;1.0;-4.17966747284|0.0;0.0;0.0;1.0
1.0;0.0;0.0;-67.6900482178|0.0;1.0;0.0;82.9745178223|0.0;0.0;1.0;-4.55366373062|0.0;0.0;0.0;1.0
1.0;0.0;0.0;-67.7079925537|0.0;1.0;0.0;112.57334137|0.0;0.0;1.0;-4.60352802277|0.0;0.0;0.0;1.0
1.0;0.0;0.0;-82.0848617554|0.0;1.0;0.0;97.9411849976|0.0;0.0;1.0;-4.60366916656|0.0;0.0;0.0;1.0

-0.928646802902;0.370966136456;0.0;-43.2077713013|-0.370966136456;-0.928646802902;0.0;98.9145278931|0.0;0.0;1.0;-6.19484901428|0.0;0.0;0.0;1.0
-0.895352363586;0.445358753204;0.0;-53.7692527771|-0.445358753204;-0.895352363586;0.0;95.3381347656|0.0;0.0;1.0;-4.60371828079|0.0;0.0;0.0;1.0
0.496007978916;0.868317961693;0.0;-57.4738235474|-0.868317961693;0.496007978916;0.0;108.081283569|0.0;0.0;1.0;-4.60371875763|0.0;0.0;0.0;1.0
0.935655534267;-0.352914661169;0.0;-47.2593307495|0.352914661169;0.935655534267;0.0;111.972770691|0.0;0.0;1.0;-5.50653553009|0.0;0.0;0.0;1.0

-0.322457432747;-0.946583926678;0.0;-55.1286354065|0.946583926678;-0.322457432747;0.0;102.075073242|0.0;0.0;1.0;-4.17579174042|0.0;0.0;0.0;1.0