-0.0120230913162;0.999927759171;0.0;42.5977516174|-0.999927759171;-0.0120230913162;0.0;468.324707031|0.0;0.0;1.0;81.0417404175|0.0;0.0;0.0;1.0
-0.999727725983;0.023338669911;0.0;0.439191192389|-0.023338669911;-0.999727725983;0.0;439.824768066|0.0;0.0;1.0;80.6498565674|0.0;0.0;0.0;1.0
-0.999727725983;0.023338669911;0.0;-0.227704390883|-0.023338669911;-0.999727725983;0.0;468.57824707|0.0;0.0;1.0;81.0417404175|0.0;0.0;0.0;1.0
0.801648378372;-0.597795784473;0.0;-0.488066792488|0.597795784473;0.801648378372;0.0;479.939025879|0.0;0.0;1.0;81.0417022705|0.0;0.0;0.0;1.0
-0.999396800995;-0.0347267016768;0.0;-0.374541759491|0.0347267016768;-0.999396800995;0.0;490.165466309|0.0;0.0;1.0;81.0416641235|0.0;0.0;0.0;1.0
-0.999244570732;-0.0388642698526;0.0;-0.693116247654|0.0388642698526;-0.999244570732;0.0;483.194915771|0.0;0.0;1.0;81.0416870117|0.0;0.0;0.0;1.0
-0.999969482422;0.00781107740477;0.0;-1.51918113232|-0.00781107740477;-0.999969482422;0.0;488.982177734|0.0;0.0;1.0;81.0416641235|0.0;0.0;0.0;1.0
0.99839758873;0.0565887466073;0.0;-1.51918113232|-0.0565887466073;0.99839758873;0.0;488.982177734|0.0;0.0;1.0;81.0416641235|0.0;0.0;0.0;1.0


0.999938845634;-0.0110607827082;0.0;3.11607885361|0.0110607827082;0.999938845634;0.0;-141.418182373|0.0;0.0;1.0;-13.6999931335|0.0;0.0;0.0;1.0
-0.767012357712;0.641632378101;0.0;-33.6429786682|-0.641632378101;-0.767012357712;0.0;-206.315261841|0.0;0.0;1.0;-27.4544143677|0.0;0.0;0.0;1.0