-0.769935011864;0.638122260571;0.0;27.5170726776|-0.638122260571;-0.769935011864;0.0;-49.3248634338|0.0;0.0;1.0;8.43269920349|0.0;0.0;0.0;1.0
0.600815057755;0.799388051033;0.0;27.5170726776|-0.799388051033;0.600815057755;0.0;-49.3248634338|0.0;0.0;1.0;8.43269920349|0.0;0.0;0.0;1.0
-0.906892299652;-0.421362966299;0.0;27.5170726776|0.421362966299;-0.906892299652;0.0;-49.3248634338|0.0;0.0;1.0;2.76224470139|0.0;0.0;0.0;1.0
0.245105534792;-0.969496846199;0.0;27.4418964386|0.969496846199;0.245105534792;0.0;-49.3494644165|0.0;0.0;1.0;-1.23716855049|0.0;0.0;0.0;1.0
0.652877867222;0.757463574409;0.0;27.4469337463|-0.757463574409;0.652877867222;0.0;-49.3507423401|0.0;0.0;1.0;-8.89999198914|0.0;0.0;0.0;1.0




