-0.3793114423751831;-0.9252690672874451;0.0;710.8886108398438|0.9252690672874451;-0.3793114423751831;0.0;-99.71829223632812|0.0;0.0;1.0;-50.21651840209961|0.0;0.0;0.0;1.0
0.4596027731895447;-0.8881245851516724;0.0;719.0233154296875|0.8881245851516724;0.4596027731895447;0.0;-103.84989929199219|0.0;0.0;1.0;-50.21407699584961|0.0;0.0;0.0;1.0
0.5176634788513184;-0.8555843234062195;0.0;726.9215087890625|0.8555843234062195;0.5176634788513184;0.0;-108.81697082519531|0.0;0.0;1.0;-50.21407699584961|0.0;0.0;0.0;1.0
0.45933812856674194;-0.8882614970207214;0.0;735.1029052734375|0.8882614970207214;0.45933812856674194;0.0;-113.28155517578125|0.0;0.0;1.0;-50.20162582397461|0.0;0.0;0.0;1.0
-0.47234225273132324;0.8814153075218201;0.0;734.9500732421875|-0.8814153075218201;-0.47234225273132324;0.0;-122.10274505615234|0.0;0.0;1.0;-50.21603012084961|0.0;0.0;0.0;1.0
-0.47234225273132324;0.8814153075218201;0.0;726.8548583984375|-0.8814153075218201;-0.47234225273132324;0.0;-117.76203918457031|0.0;0.0;1.0;-50.21529769897461|0.0;0.0;0.0;1.0
-0.47234225273132324;0.8814153075218201;0.0;719.4171142578125|-0.8814153075218201;-0.47234225273132324;0.0;-113.77360534667969|0.0;0.0;1.0;-50.21529769897461|0.0;0.0;0.0;1.0
-0.5044699907302856;0.8634291887283325;0.0;711.2681884765625|-0.8634291887283325;-0.5044699907302856;0.0;-109.01219177246094|0.0;0.0;1.0;-50.21529769897461|0.0;0.0;0.0;1.0
-0.5044699907302856;0.8634291887283325;0.0;703.1651611328125|-0.8634291887283325;-0.5044699907302856;0.0;-104.2774429321289|0.0;0.0;1.0;-50.21432113647461|0.0;0.0;0.0;1.0
0.4990290403366089;-0.866585373878479;0.0;695.4310302734375|0.866585373878479;0.4990290403366089;0.0;-108.89746856689453|0.0;0.0;1.0;-50.21432113647461|0.0;0.0;0.0;1.0
0.49902915954589844;-0.8665851354598999;0.0;703.3056030273438|0.8665851354598999;0.49902915954589844;0.0;-113.43644714355469|0.0;0.0;1.0;-50.21358871459961|0.0;0.0;0.0;1.0
0.4990290403366089;-0.866585373878479;0.0;710.8490600585938|0.866585373878479;0.4990290403366089;0.0;-117.78446960449219|0.0;0.0;1.0;-50.21358871459961|0.0;0.0;0.0;1.0
0.49902915954589844;-0.8665851354598999;0.0;719.0851440429688|0.8665851354598999;0.49902915954589844;0.0;-122.53166198730469|0.0;0.0;1.0;-50.21358871459961|0.0;0.0;0.0;1.0
0.4990290403366089;-0.866585373878479;0.0;727.1293334960938|0.866585373878479;0.4990290403366089;0.0;-127.16819763183594|0.0;0.0;1.0;-50.21358871459961|0.0;0.0;0.0;1.0
0.4990290403366089;-0.866585373878479;0.0;734.9176635742188|0.866585373878479;0.4990290403366089;0.0;-131.32009887695312|0.0;0.0;1.0;-50.21358871459961|0.0;0.0;0.0;1.0
-0.4987369775772095;0.866753339767456;0.0;735.0531616210938|-0.866753339767456;-0.4987369775772095;0.0;-140.34542846679688|0.0;0.0;1.0;-50.21358871459961|0.0;0.0;0.0;1.0
-0.4987369775772095;0.866753339767456;0.0;727.1780395507812|-0.866753339767456;-0.4987369775772095;0.0;-135.8091278076172|0.0;0.0;1.0;-50.21334457397461|0.0;0.0;0.0;1.0
-0.4987369775772095;0.866753339767456;0.0;719.3865356445312|-0.866753339767456;-0.4987369775772095;0.0;-131.32127380371094|0.0;0.0;1.0;-50.21334457397461|0.0;0.0;0.0;1.0
-0.4987369775772095;0.866753339767456;0.0;711.4895629882812|-0.866753339767456;-0.4987369775772095;0.0;-126.77305603027344|0.0;0.0;1.0;-50.21334457397461|0.0;0.0;0.0;1.0
-0.4987369775772095;0.866753339767456;0.0;703.6621704101562|-0.866753339767456;-0.4987369775772095;0.0;-122.55686950683594|0.0;0.0;1.0;-50.21334457397461|0.0;0.0;0.0;1.0
-0.49759912490844727;0.8674071431159973;0.0;695.4944458007812|-0.8674071431159973;-0.49759912490844727;0.0;-117.87635803222656|0.0;0.0;1.0;-50.21334457397461|0.0;0.0;0.0;1.0
-0.49759912490844727;0.8674071431159973;0.0;687.6829223632812|-0.8674071431159973;-0.49759912490844727;0.0;-113.40006256103516|0.0;0.0;1.0;-50.21261215209961|0.0;0.0;0.0;1.0
0.5018833875656128;-0.8649352788925171;0.0;687.4192504882812|0.8649352788925171;0.5018833875656128;0.0;-122.56153106689453|0.0;0.0;1.0;-50.21261215209961|0.0;0.0;0.0;1.0
0.5018833875656128;-0.8649352788925171;0.0;695.3591918945312|0.8649352788925171;0.5018833875656128;0.0;-127.1652603149414|0.0;0.0;1.0;-50.21261215209961|0.0;0.0;0.0;1.0
0.5018833875656128;-0.8649352788925171;0.0;703.2952270507812|0.8649352788925171;0.5018833875656128;0.0;-131.76675415039062|0.0;0.0;1.0;-50.21261215209961|0.0;0.0;0.0;1.0
0.5018833875656128;-0.8649352788925171;0.0;711.0855102539062|0.8649352788925171;0.5018833875656128;0.0;-136.28335571289062|0.0;0.0;1.0;-50.21261215209961|0.0;0.0;0.0;1.0
0.47658002376556396;-0.8791310787200928;0.0;718.9063110351562|0.8791310787200928;0.47658002376556396;0.0;-140.63699340820312|0.0;0.0;1.0;-50.21261215209961|0.0;0.0;0.0;1.0
0.47658002376556396;-0.8791310787200928;0.0;727.3184204101562|0.8791310787200928;0.47658002376556396;0.0;-145.20272827148438|0.0;0.0;1.0;-50.21261215209961|0.0;0.0;0.0;1.0
-0.509703516960144;0.8603501319885254;0.0;719.4829711914062|-0.8603501319885254;-0.509703516960144;0.0;-149.62875366210938|0.0;0.0;1.0;-50.21261215209961|0.0;0.0;0.0;1.0
-0.4983302354812622;0.8669872879981995;0.0;711.5689086914062|-0.8669872879981995;-0.4983302354812622;0.0;-145.23806762695312|0.0;0.0;1.0;-50.21261215209961|0.0;0.0;0.0;1.0
-0.4983302354812622;0.8669872879981995;0.0;703.4502563476562|-0.8669872879981995;-0.4983302354812622;0.0;-140.56704711914062|0.0;0.0;1.0;-50.21261215209961|0.0;0.0;0.0;1.0
-0.4983302354812622;0.8669872879981995;0.0;695.5745239257812|-0.8669872879981995;-0.4983302354812622;0.0;-136.03604125976562|0.0;0.0;1.0;-50.21261215209961|0.0;0.0;0.0;1.0
0.4668552875518799;-0.8843337297439575;0.0;703.4262084960938|0.8843337297439575;0.4668552875518799;0.0;-149.82269287109375|0.0;0.0;1.0;-50.14937973022461|0.0;0.0;0.0;1.0
0.4668552875518799;-0.8843337297439575;0.0;711.7015991210938|0.8843337297439575;0.4668552875518799;0.0;-154.19488525390625|0.0;0.0;1.0;-50.14937973022461|0.0;0.0;0.0;1.0