0.942673385143;0.33371680975;0.0;219.098770142|-0.33371680975;0.942673385143;0.0;18.5417842865|0.0;0.0;1.0;16.2355575562|0.0;0.0;0.0;1.0
0.998408436775;0.0563964135945;0.0;214.23085022|-0.0563964135945;0.998408436775;0.0;18.995174408|0.0;0.0;1.0;16.2355575562|0.0;0.0;0.0;1.0
-0.364924788475;-0.931038975716;0.0;-85.5054168701|0.931038975716;-0.364924788475;0.0;-22.2753601074|0.0;0.0;1.0;54.3457527161|0.0;0.0;0.0;1.0




0.681813836098;0.731525659561;0.0;226.847854614|-0.731525659561;0.681813836098;0.0;14.3260116577|0.0;0.0;1.0;16.2355575562|0.0;0.0;0.0;1.0



-0.764990925789;-0.644041121006;0.0;201.941635132|0.644041121006;-0.764990925789;0.0;-12.3028001785|0.0;0.0;1.0;16.2355556488|0.0;0.0;0.0;1.0