
-0.069654583931;-0.99757117033;0.0;146.568756104|0.99757117033;-0.069654583931;0.0;104.775665283|0.0;0.0;1.0;-4.39262247086|0.0;0.0;0.0;1.0
-0.999888658524;0.0149152381346;0.0;64.0239868164|-0.0149152381346;-0.999888658524;0.0;176.615631104|0.0;0.0;1.0;-10.808763504|0.0;0.0;0.0;1.0
-0.997860312462;0.0653819069266;0.0;-49.3837623596|-0.0653819069266;-0.997860312462;0.0;170.527496338|0.0;0.0;1.0;-10.7375411987|0.0;0.0;0.0;1.0
0.964702129364;-0.263343602419;0.0;-59.0480575562|0.263343602419;0.964702129364;0.0;84.4608230591|0.0;0.0;1.0;-10.5491027832|0.0;0.0;0.0;1.0
0.241513848305;0.970397412777;0.0;-112.409790039|-0.970397412777;0.241513848305;0.0;-82.3873138428|0.0;0.0;1.0;2.76094341278|0.0;0.0;0.0;1.0
-0.147896409035;-0.98900282383;0.0;17.344953537|0.98900282383;-0.147896409035;0.0;-87.0136108398|0.0;0.0;1.0;-5.47151470184|0.0;0.0;0.0;1.0
-0.194560289383;-0.980890631676;0.0;147.466461182|0.980890631676;-0.194560289383;0.0;-47.5552635193|0.0;0.0;1.0;2.32752323151|0.0;0.0;0.0;1.0

