0.887703180313;0.460416167974;0.0;-86.9358978271|-0.460416167974;0.887703180313;0.0;-182.618545532|0.0;0.0;1.0;-77.1287689209|0.0;0.0;0.0;1.0
-0.452575683594;0.891726016998;0.0;-165.556106567|-0.891726016998;-0.452575683594;0.0;-336.443511963|0.0;0.0;1.0;-29.2929420471|0.0;0.0;0.0;1.0
-0.388357996941;0.921508610249;0.0;-191.787963867|-0.921508610249;-0.388357996941;0.0;-386.875701904|0.0;0.0;1.0;-12.0578308105|0.0;0.0;0.0;1.0
0.427026867867;-0.904238939285;0.0;-207.511856079|0.904238939285;0.427026867867;0.0;-420.347900391|0.0;0.0;1.0;-14.361907959|0.0;0.0;0.0;1.0
-0.309391617775;0.950934648514;0.0;-226.268157959|-0.950934648514;-0.309391617775;0.0;-450.64855957|0.0;0.0;1.0;-16.9147472382|0.0;0.0;0.0;1.0




