
0.7380819320678711;0.6747111082077026;0.0;47.26271057128906|-0.6747111082077026;0.7380819320678711;0.0;38.96912384033203|0.0;0.0;1.0;60.92266082763672|0.0;0.0;0.0;1.0
0.08462929725646973;-0.9964125156402588;0.0;-2.293703079223633|0.9964125156402588;0.08462929725646973;0.0;-48.40933609008789|0.0;0.0;1.0;39.9999885559082|0.0;0.0;0.0;1.0
-0.8034818172454834;-0.5953294038772583;0.0;-25.408143997192383|0.5953294038772583;-0.8034818172454834;0.0;-20.198646545410156|0.0;0.0;1.0;100.23140716552734|0.0;0.0;0.0;1.0





