
0.6154772043228149;-0.7881548404693604;0.0;-382.8166809082031|0.7881548404693604;0.6154772043228149;0.0;152.32505798339844|0.0;0.0;1.0;82.67865753173828|0.0;0.0;0.0;1.0
0.643391489982605;0.7655373215675354;0.0;63.10572052001953|-0.7655373215675354;0.643391489982605;0.0;84.6261215209961|0.0;0.0;1.0;78.81513977050781|0.0;0.0;0.0;1.0
-0.9357354640960693;0.3527028262615204;0.0;40.50768280029297|-0.3527028262615204;-0.9357354640960693;0.0;-75.90521240234375|0.0;0.0;1.0;60.332393646240234|0.0;0.0;0.0;1.0





