
-0.4517672061920166;0.8921357989311218;0.0;670.0155029296875|-0.8921357989311218;-0.4517672061920166;-0.0;-593.780029296875|-0.0;0.0;1.0;45.07588195800781|0.0;0.0;0.0;1.0
0.20909583568572998;-0.9778951406478882;0.0;663.0796508789062|0.9778951406478882;0.20909583568572998;0.0;-592.4017944335938|0.0;0.0;1.0;45.07588195800781|0.0;0.0;0.0;1.0







0.9957133531570435;0.09249258041381836;0.0;345.4222106933594|-0.09249258041381836;0.9957133531570435;0.0;-787.1842041015625|0.0;0.0;1.0;9.985533714294434|0.0;0.0;0.0;1.0