
-0.600532054901123;-0.7996006608009338;0.0;-653.5850830078125|0.7996006608009338;-0.600532054901123;0.0;-656.8465576171875|0.0;0.0;1.0;36.92954635620117|0.0;0.0;0.0;1.0
0.2781950831413269;0.9605246186256409;0.0;-648.720458984375|-0.9605246186256409;0.2781950831413269;0.0;-654.2681274414062|0.0;0.0;1.0;35.01882553100586|0.0;0.0;0.0;1.0
0.7812590599060059;0.6242069005966187;0.0;-652.08154296875|-0.6242069005966187;0.7812590599060059;0.0;-648.8841552734375|0.0;0.0;1.0;35.31002426147461|0.0;0.0;0.0;1.0
















-0.8975054025650024;-0.4410035312175751;0.0;-875.5071411132812|0.4410035312175751;-0.8975054025650024;0.0;-711.126708984375|0.0;0.0;1.0;-26.822763442993164|0.0;0.0;0.0;1.0
0.38111257553100586;0.9245119094848633;0.0;-826.98291015625|-0.9245119094848633;0.38111257553100586;0.0;-627.9197998046875|0.0;0.0;1.0;-24.904766082763672|0.0;0.0;0.0;1.0
-0.9686159491539001;0.24857226014137268;0.0;-935.4644775390625|-0.24857226014137268;-0.9686159491539001;0.0;-649.542724609375|0.0;0.0;1.0;10.372035026550293|0.0;0.0;0.0;1.0
0.6776021122932434;0.7354307174682617;0.0;-868.1821899414062|-0.7354307174682617;0.6776021122932434;0.0;-716.7763671875|0.0;0.0;1.0;-25.299272537231445|0.0;0.0;0.0;1.0