
-0.851384162902832;-0.5245433449745178;0.0;899.7443237304688|0.5245433449745178;-0.851384162902832;0.0;-669.358642578125|0.0;0.0;1.0;235.0217742919922|0.0;0.0;0.0;1.0
-0.262035608291626;0.9650582075119019;0.0;904.087890625|-0.9650582075119019;-0.262035608291626;0.0;-656.598876953125|0.0;0.0;1.0;238.11920166015625|0.0;0.0;0.0;1.0







-0.7950925827026367;0.6064881086349487;0.0;-60.441429138183594|-0.6064881086349487;-0.7950925827026367;0.0;-492.85626220703125|0.0;0.0;1.0;7.525768756866455|0.0;0.0;0.0;1.0
-0.7379029989242554;-0.674906849861145;0.0;217.11575317382812|0.674906849861145;-0.7379029989242554;0.0;-80.95349884033203|0.0;0.0;1.0;258.00103759765625|0.0;0.0;0.0;1.0