-0.351990938187;-0.936003446579;0.0;-1333.7479248|0.936003446579;-0.351990938187;0.0;29899.5800781|0.0;0.0;1.0;-0.344877481461|0.0;0.0;0.0;1.0
0.449428141117;-0.893316447735;0.0;30697.4355469|0.893316447735;0.449428141117;0.0;-60.1514511108|0.0;0.0;1.0;-0.17137503624|0.0;0.0;0.0;1.0
0.621601104736;-0.783333957195;0.0;-1311.87365723|0.783333957195;0.621601104736;0.0;29901.5878906|0.0;0.0;1.0;-0.309918403625|0.0;0.0;0.0;1.0
-0.725404858589;-0.688322544098;0.0;-1309.9029541|0.688322544098;-0.725404858589;0.0;29900.0234375|0.0;0.0;1.0;-0.274225234985|0.0;0.0;0.0;1.0
0.456918299198;-0.889508724213;0.0;-1318.48217773|0.889508724213;0.456918299198;0.0;29905.1601562|0.0;0.0;1.0;-0.255865573883|0.0;0.0;0.0;1.0
0.724967956543;-0.688782572746;0.0;-1330.36254883|0.688782572746;0.724967956543;0.0;29892.2246094|0.0;0.0;1.0;-0.946002840996|0.0;0.0;0.0;1.0
0.779005110264;-0.627017557621;0.0;-1322.40454102|0.627017557621;0.779005110264;0.0;29884.2792969|0.0;0.0;1.0;-0.83934867382|0.0;0.0;0.0;1.0
-0.999973773956;-0.00723680667579;0.0;-1311.95996094|0.00723680667579;-0.999973773956;0.0;29896.9433594|0.0;0.0;1.0;-0.580441236496|0.0;0.0;0.0;1.0





-0.356956362724;-0.934121131897;0.0;-1326.90014648|0.934121131897;-0.356956362724;0.0;29879.03125|0.0;0.0;1.0;-0.351788282394|0.0;0.0;0.0;1.0



-0.778015613556;0.628245472908;0.0;-1320.60510254|-0.628245472908;-0.778015613556;0.0;29871.6308594|0.0;0.0;1.0;0.142628669739|0.0;0.0;0.0;1.0







































































0.952890753746;0.303313672543;0.0;-1304.70690918|-0.303313672543;0.952890753746;0.0;29896.9667969|0.0;0.0;1.0;-0.0969853401184|0.0;0.0;0.0;1.0










































-0.421619176865;0.906772971153;0.0;-1325.73510742|-0.906772971153;-0.421619176865;0.0;29879.7207031|0.0;0.0;1.0;-0.418522834778|0.0;0.0;0.0;1.0
0.368364870548;-0.929681420326;0.0;-1327.35583496|0.929681420326;0.368364870548;0.0;29884.8730469|0.0;0.0;1.0;-0.771937131882|0.0;0.0;0.0;1.0
0.368364691734;-0.929681420326;0.0;-1323.42260742|0.929681420326;0.368364691734;0.0;29883.3144531|0.0;0.0;1.0;-0.757737159729|0.0;0.0;0.0;1.0
-0.778015613556;0.628245472908;0.0;-1320.60510254|-0.628245472908;-0.778015613556;0.0;29871.6308594|0.0;0.0;1.0;0.142628669739|0.0;0.0;0.0;1.0



































-0.720134854317;0.693834245205;0.0;-1320.60510254|-0.693834245205;-0.720134854317;0.0;29871.6308594|0.0;0.0;1.0;0.142628669739|0.0;0.0;0.0;1.0
0.0795414447784;0.996831595898;0.0;-1336.29736328|-0.996831595898;0.0795414447784;0.0;29887.9179688|0.0;0.0;1.0;-0.41027545929|0.0;0.0;0.0;1.0
0.584010183811;-0.811746358871;0.0;-1336.29736328|0.811746358871;0.584010183811;0.0;29887.9179688|0.0;0.0;1.0;-0.41027545929|0.0;0.0;0.0;1.0
-0.850719213486;0.525621175766;0.0;-1336.29736328|-0.525621175766;-0.850719213486;0.0;29887.9179688|0.0;0.0;1.0;-0.410289049149|0.0;0.0;0.0;1.0






































































































































































































































































































































































































































































































































































































































































-0.716968536377;-0.697105526924;0.0;-1316.31811523|0.697105526924;-0.716968536377;0.0;29901.296875|0.0;0.0;1.0;-0.542558431625|0.0;0.0;0.0;1.0





































































0.593391358852;-0.804914116859;0.0;-1329.80688477|0.804914116859;0.593391358852;0.0;29884.2695312|0.0;0.0;1.0;-0.676929116249|0.0;0.0;0.0;1.0