
3.832876060982926e-08;-0.48074719309806824;-0.8768598437309265;-483.4329528808594|0.0;-0.8768598437309265;0.48074719309806824;419.5415954589844|-1.0;0.0;-4.371138828673793e-08;-32.69388198852539|0.0;0.0;0.0;1.0
-0.6755903959274292;0.7372771501541138;0.0;-481.70513916015625|-0.7372771501541138;-0.6755903959274292;0.0;412.75244140625|0.0;0.0;1.0;-36.70000076293945|0.0;0.0;0.0;1.0
-0.396298348903656;0.9181231260299683;0.0;-362.9142761230469|-0.9181231260299683;-0.396298348903656;0.0;586.9519653320312|0.0;0.0;1.0;-36.70000076293945|0.0;0.0;0.0;1.0





