
0.7045533657073975;0.709650993347168;0.0;7.9008612632751465|-0.709650993347168;0.7045533657073975;0.0;-334.2963562011719|0.0;0.0;1.0;-11.831323623657227|0.0;0.0;0.0;1.0
-0.020145416259765625;0.9997971057891846;0.0;9.751794815063477|-0.9997971057891846;-0.020145416259765625;0.0;-315.9789123535156|0.0;0.0;1.0;-4.927351474761963|0.0;0.0;0.0;1.0
-0.6614147424697876;0.7500203847885132;0.0;-588.098876953125|-0.7500203847885132;-0.6614147424697876;0.0;-669.6377563476562|0.0;0.0;1.0;-44.6257438659668|0.0;0.0;0.0;1.0
-0.9814128875732422;0.19190870225429535;0.0;-404.71759033203125|-0.19190870225429535;-0.9814128875732422;0.0;-578.1207275390625|0.0;0.0;1.0;-39.76753616333008|0.0;0.0;0.0;1.0
0.9768792390823364;0.21379181742668152;0.0;-602.25341796875|-0.21379181742668152;0.9768792390823364;0.0;-630.8900756835938|0.0;0.0;1.0;-50.07987976074219|0.0;0.0;0.0;1.0
0.999700129032135;0.02448868751525879;0.0;-66.57283020019531|-0.02448868751525879;0.999700129032135;0.0;274.4645690917969|0.0;0.0;1.0;65.46749114990234|0.0;0.0;0.0;1.0
-0.975339412689209;0.22071070969104767;0.0;-77.7313461303711|-0.22071070969104767;-0.975339412689209;0.0;178.27291870117188|0.0;0.0;1.0;57.977073669433594|0.0;0.0;0.0;1.0
-0.9996190071105957;-0.027614817023277283;0.0;-0.29760321974754333|0.027614817023277283;-0.9996190071105957;0.0;191.52659606933594|0.0;0.0;1.0;57.5168342590332|0.0;0.0;0.0;1.0
-0.008730888366699219;0.9999620318412781;0.0;5.465841770172119|-0.9999620318412781;-0.008730888366699219;0.0;553.9512939453125|0.0;0.0;1.0;87.21666717529297|0.0;0.0;0.0;1.0
-0.9999294281005859;-0.01191340945661068;0.0;-6.4546613693237305|0.01191340945661068;-0.9999294281005859;0.0;707.43310546875|0.0;0.0;1.0;108.72683715820312|0.0;0.0;0.0;1.0
0.4208632707595825;0.9071241021156311;0.0;-511.28057861328125|-0.9071241021156311;0.4208632707595825;0.0;-995.1268920898438|0.0;0.0;1.0;-54.203269958496094|0.0;0.0;0.0;1.0