0.834767043591;0.550603270531;0.0;-109.745452881|-0.550603270531;0.834767043591;0.0;-186.731018066|0.0;0.0;1.0;250.4974823|0.0;0.0;0.0;1.0
0.611379265785;0.791337788105;0.0;-150.528381348|-0.791337788105;0.611379265785;0.0;-134.005844116|0.0;0.0;1.0;258.665924072|0.0;0.0;0.0;1.0
0.94975399971;0.312997311354;0.0;-140.694534302|-0.312997311354;0.94975399971;0.0;-124.435783386|0.0;0.0;1.0;254.670654297|0.0;0.0;0.0;1.0
0.94975399971;0.312997370958;0.0;-139.511566162|-0.312997370958;0.94975399971;-0.0;-120.838859558|-0.0;0.0;1.0;254.670654297|0.0;0.0;0.0;1.0
0.414089560509;0.910236120224;0.0;-139.870681763|-0.910236120224;0.414089560509;0.0;-126.049064636|0.0;0.0;1.0;254.670654297|0.0;0.0;0.0;1.0