-0.0615478754044;0.998104095459;0.0;-1300.13928223|-0.998104095459;-0.0615478754044;0.0;-2053.25341797|0.0;0.0;1.0;-0.0100767612457|0.0;0.0;0.0;1.0
0.783279776573;-0.621669352055;0.0;-1335.2578125|0.621669352055;0.783279776573;0.0;-2052.92431641|0.0;0.0;1.0;-0.0100765228271|0.0;0.0;0.0;1.0
-0.697594642639;-0.716492712498;0.0;-1335.33935547|0.716492712498;-0.697594642639;0.0;-2112.27612305|0.0;0.0;1.0;-0.0100803375244|0.0;0.0;0.0;1.0

-0.352155536413;-0.935941040516;0.0;-1300.03137207|0.935941040516;-0.352155536413;0.0;-2112.5480957|0.0;0.0;1.0;20.0148487091|0.0;0.0;0.0;1.0




