031 Age Hood Ship_off_Mabe.txt
((1.0, -3.5929704722548195e-07, 1.9416222585277865e-07, -119.1019287109375), (3.592967061649688e-07, 1.0, 1.6611525097687263e-06, -72.85294342041016), (-1.9416282270867669e-07, -1.6611525097687263e-06, 1.0, -155.5342559814453), (0.0, 0.0, 0.0, 1.0))
((1.0, -3.5976134427073703e-07, 1.8622415609570453e-07, -102.0750732421875), (3.597610600536427e-07, 1.0, 1.6471936987727531e-06, -72.85294342041016), (-1.8622475295160257e-07, -1.6471936987727531e-06, 1.0, -155.5342559814453), (0.0, 0.0, 0.0, 1.0))
((1.0, 4.449844048792784e-09, 9.415691692993278e-07, -84.83565521240234), (-4.450080304252424e-09, 1.0, 2.511716274966602e-07, -72.85295104980469), (-9.415691692993278e-07, -2.511716274966602e-07, 1.0, -155.5342559814453), (0.0, 0.0, 0.0, 1.0))
((1.0, -3.068820433327346e-07, -1.5053321931191022e-06, -67.38400268554688), (3.0688318020111183e-07, 1.0, 7.460630513378419e-07, -72.85295104980469), (1.5053319657454267e-06, -7.460635060851928e-07, 1.0, -155.5342559814453), (0.0, 0.0, 0.0, 1.0))
((1.0, -3.268804960043781e-07, -6.31218526336852e-08, -50.06255340576172), (3.2688055284779693e-07, 1.0, 6.859037284812075e-07, -72.85295104980469), (6.312162526000975e-08, -6.859037284812075e-07, 1.0, -155.53427124023438), (0.0, 0.0, 0.0, 1.0))
((0.9999999403953552, 0.0003118043823633343, 2.7824315111502074e-05, -119.24017333984375), (-0.0003122346824966371, 0.9998536705970764, 0.017104627564549446, -82.40284729003906), (-2.2486945454147644e-05, -0.017104636877775192, 0.9998537302017212, -155.4364776611328), (0.0, 0.0, 0.0, 1.0))
((0.9999998807907104, -0.0005045995349064469, -4.228116722515551e-06, -102.1943359375), (0.000504598137922585, 0.9998539686203003, 0.01708216220140457, -82.40286254882812), (-4.392153641674668e-06, -0.01708216220140457, 0.9998540878295898, -155.43649291992188), (0.0, 0.0, 0.0, 1.0))
((1.0, 2.9680935767828487e-05, 1.8217902834294364e-05, -84.58140563964844), (-2.9988319511176087e-05, 0.9998536109924316, 0.01711113005876541, -82.40293884277344), (-1.7707361621432938e-05, -0.01711113005876541, 0.9998536109924316, -155.4364776611328), (0.0, 0.0, 0.0, 1.0))
((1.0, 0.00017096773080993444, 4.848893149755895e-05, -67.22847747802734), (-0.00017177143308799714, 0.9998539686203003, 0.01708979904651642, -82.40251159667969), (-4.556004932965152e-05, -0.017089808359742165, 0.9998539686203003, -155.43649291992188), (0.0, 0.0, 0.0, 1.0))
((0.999999463558197, -0.0010203145211562514, -2.7569292797124945e-05, -50.081905364990234), (0.0010206368751823902, 0.9998530745506287, 0.0171099454164505, -82.40253448486328), (1.0107719390362035e-05, -0.017109964042901993, 0.9998536109924316, -155.4364776611328), (0.0, 0.0, 0.0, 1.0))
((1.0, -1.8720733407917578e-07, 4.894703238278453e-07, -119.26049041748047), (1.8720656669302116e-07, 1.0, 1.596004381099192e-06, -64.60810852050781), (-4.894706648883584e-07, -1.596004381099192e-06, 1.0, -156.77684020996094), (0.0, 0.0, 0.0, 1.0))
((1.0, -1.9435705667092407e-07, 5.296100766827294e-07, -101.98451232910156), (1.943561471762223e-07, 1.0, 1.7132201719505247e-06, -64.60810852050781), (-5.296104177432426e-07, -1.7132201719505247e-06, 1.0, -156.77687072753906), (0.0, 0.0, 0.0, 1.0))
((1.0, -1.8711794780301716e-07, 4.896318728242477e-07, -84.85054016113281), (1.8711718041686254e-07, 1.0, 1.5960861219355138e-06, -64.60810852050781), (-4.896322138847609e-07, -1.5960861219355138e-06, 1.0, -156.77684020996094), (0.0, 0.0, 0.0, 1.0))
((1.0, -1.7931245110958116e-07, 4.6205408921196067e-07, -67.50416564941406), (1.7931176898855483e-07, 1.0, 1.496703589509707e-06, -64.60810852050781), (-4.62054373429055e-07, -1.496703589509707e-06, 1.0, -156.7768096923828), (0.0, 0.0, 0.0, 1.0))
((1.0, -1.783604943739192e-07, 4.549297898392979e-07, -50.0667839050293), (1.7835981225289288e-07, 1.0, 1.4737738638359588e-06, -64.60810852050781), (-4.549300740563922e-07, -1.4737738638359588e-06, 1.0, -156.77679443359375), (0.0, 0.0, 0.0, 1.0))
((1.0, -1.557588902301177e-08, 4.600286729328218e-07, -119.26530456542969), (1.5575771783460368e-08, 1.0, 2.549109012761619e-07, -58.01145935058594), (-4.600286729328218e-07, -2.549109012761619e-07, 1.0, -156.77688598632812), (0.0, 0.0, 0.0, 1.0))
((1.0, 2.2106511066155576e-10, -4.580220647198985e-09, -102.04205322265625), (-2.2106508290598015e-10, 1.0, 5.174907169447351e-09, -58.01145935058594), (4.580220647198985e-09, -5.174907169447351e-09, 1.0, -156.77688598632812), (0.0, 0.0, 0.0, 1.0))
((1.0, -2.2407294864024152e-07, -2.9234516318865644e-07, -85.0096435546875), (2.2407164124160772e-07, 1.0, -4.4490052459877916e-06, -58.01146697998047), (2.9234618637019594e-07, 4.4490052459877916e-06, 1.0, -156.77685546875), (0.0, 0.0, 0.0, 1.0))
((1.0, -4.1191258737249825e-10, 6.88173713569995e-08, -67.6668701171875), (4.119167507088406e-10, 1.0, -6.046212774890591e-08, -58.01145935058594), (-6.88173713569995e-08, 6.046212774890591e-08, 1.0, -156.7768096923828), (0.0, 0.0, 0.0, 1.0))
((1.0, 1.371782354375739e-09, -9.825151892073336e-08, -50.147830963134766), (-1.3717776914390356e-09, 1.0, 4.842048539899224e-08, -58.01145935058594), (9.825151892073336e-08, -4.842048539899224e-08, 1.0, -156.77679443359375), (0.0, 0.0, 0.0, 1.0))
((1.0, 0.0, 0.0, -119.10736083984375), (0.0, 1.0, 0.0, -89.84278869628906), (0.0, 0.0, 1.0, -156.47296142578125), (0.0, 0.0, 0.0, 1.0))
((1.0, 0.0, 0.0, -102.4154052734375), (0.0, 1.0, 0.0, -89.84278869628906), (0.0, 0.0, 1.0, -156.47296142578125), (0.0, 0.0, 0.0, 1.0))
((1.0, 0.0, 0.0, -84.57070922851562), (0.0, 1.0, 0.0, -89.84278869628906), (0.0, 0.0, 1.0, -156.47296142578125), (0.0, 0.0, 0.0, 1.0))
((1.0, 0.0, 0.0, -67.22300720214844), (0.0, 1.0, 0.0, -89.84278869628906), (0.0, 0.0, 1.0, -156.47296142578125), (0.0, 0.0, 0.0, 1.0))
((1.0, 0.0, 0.0, -50.07801818847656), (0.0, 1.0, 0.0, -89.84278869628906), (0.0, 0.0, 1.0, -156.47296142578125), (0.0, 0.0, 0.0, 1.0))