11_Mirphak.txt
((1.0, 0.0, 0.0, -119.1019287109375), (0.0, 1.0, 0.0, -72.85294342041016), (0.0, 0.0, 1.0, -155.53424072265625), (0.0, 0.0, 0.0, 1.0))
((1.0, 0.0, 0.0, -102.0750732421875), (0.0, 1.0, 0.0, -72.85294342041016), (0.0, 0.0, 1.0, -155.53424072265625), (0.0, 0.0, 0.0, 1.0))
((1.0, 0.0, 0.0, -84.83566284179688), (0.0, 1.0, 0.0, -72.85295104980469), (0.0, 0.0, 1.0, -155.53424072265625), (0.0, 0.0, 0.0, 1.0))
((1.0, 0.0, 0.0, -67.38400268554688), (0.0, 1.0, 0.0, -72.85294342041016), (0.0, 0.0, 1.0, -155.53424072265625), (0.0, 0.0, 0.0, 1.0))
((1.0, 0.0, 0.0, -50.06255340576172), (0.0, 1.0, 0.0, -72.85294342041016), (0.0, 0.0, 1.0, -155.53424072265625), (0.0, 0.0, 0.0, 1.0))
((0.9999998807907104, 0.00044427040847949684, 7.576381449325709e-06, -119.23994445800781), (-0.0004443350189831108, 0.9998541474342346, 0.017074428498744965, -82.40489959716797), (1.038740915504377e-08, -0.017074430361390114, 0.9998542070388794, -155.43649291992188), (0.0, 0.0, 0.0, 1.0))
((0.9999997615814209, -0.000702144461683929, -1.6729325579944998e-05, -102.19380950927734), (0.0007023279322311282, 0.9998533725738525, 0.017110802233219147, -82.40463256835938), (4.712617283075815e-06, -0.017110809683799744, 0.9998536109924316, -155.4364776611328), (0.0, 0.0, 0.0, 1.0))
((0.9999998807907104, 0.0004444345540832728, -2.599082563392585e-06, -84.58055114746094), (-0.00044432494905777276, 0.9998533725738525, 0.01711893454194069, -82.40477752685547), (1.0206947081314865e-05, -0.01711893267929554, 0.9998534321784973, -155.4364776611328), (0.0, 0.0, 0.0, 1.0))
((1.0, -0.00022875552531331778, -5.142483587405877e-06, -67.22950744628906), (0.00022880999313201755, 0.9998542070388794, 0.017074696719646454, -82.40447998046875), (1.2358030971881817e-06, -0.017074698582291603, 0.9998542070388794, -155.43649291992188), (0.0, 0.0, 0.0, 1.0))
((0.9999992847442627, -0.001200297032482922, -2.517974098736886e-05, -50.081268310546875), (0.001200551982037723, 0.9998531341552734, 0.01709737256169319, -82.40459442138672), (4.654120857594535e-06, -0.017097389325499535, 0.9998538494110107, -155.4364776611328), (0.0, 0.0, 0.0, 1.0))
((0.9999286532402039, -0.011194552294909954, 0.004174704663455486, -0.17678450047969818), (0.011209427379071712, 0.9999308586120605, -0.0035570680629462004, 4.64068603515625), (-0.004134595859795809, 0.003603610210120678, 0.9999849796295166, 23.927318572998047), (0.0, 0.0, 0.0, 1.0))
((-0.03613315895199776, -0.9993458390235901, 0.0018181316554546356, 13.456110000610352), (0.999343752861023, -0.036137934774160385, -0.0026668778154999018, 4.777592182159424), (0.0027308345306664705, 0.0017205761978402734, 0.9999948143959045, 21.462848663330078), (0.0, 0.0, 0.0, 1.0))
((0.9995450973510742, -0.030135028064250946, -0.0012268556747585535, -13.957385063171387), (0.030130868777632713, 0.9995405673980713, -0.0032781020272523165, 4.506654739379883), (0.0013250777265056968, 0.003239644458517432, 0.9999938607215881, 21.486112594604492), (0.0, 0.0, 0.0, 1.0))
((0.9999886751174927, 0.004244625102728605, 0.0021470976062119007, -1.5588189363479614), (-0.00423699663951993, 0.9999847412109375, -0.003544915933161974, 4.5696916580200195), (-0.0021621116902679205, 0.003535778494551778, 0.9999914169311523, 21.4970645904541), (0.0, 0.0, 0.0, 1.0))
((0.9999940395355225, -0.0025793733075261116, 0.0023018980864435434, 0.917233407497406), (0.0025848811492323875, 0.9999938011169434, -0.002393009141087532, 4.594791412353516), (-0.002295711310580373, 0.002398944925516844, 0.9999945163726807, 21.491003036499023), (0.0, 0.0, 0.0, 1.0))
((0.9999964237213135, -0.0023980322293937206, -0.0011759252520278096, 7.332370281219482), (0.0011833489406853914, 0.0030966082122176886, 0.9999946355819702, 4.60158634185791), (-0.002394377486780286, -0.9999924302101135, 0.00309943500906229, 19.047269821166992), (0.0, 0.0, 0.0, 1.0))
((0.9999954104423523, -0.0018069245852530003, 0.0024412258062511683, -0.0741160437464714), (0.001810457557439804, 0.9999973177909851, -0.0014457585057243705, 4.582534313201904), (-0.0024386069271713495, 0.001450171577744186, 0.9999959468841553, 16.628881454467773), (0.0, 0.0, 0.0, 1.0))
((0.0003286705759819597, -0.007546146400272846, 0.9999715685844421, 4.482425689697266), (-0.000700336298905313, 0.9999712705612183, 0.007546375505626202, 4.542710304260254), (-0.9999998211860657, -0.0007027973770163953, 0.00032337629818357527, 7.88616943359375), (0.0, 0.0, 0.0, 1.0))
((-0.0011575449025258422, 0.9999983310699463, -0.0015121469041332603, -4.409610748291016), (8.933655044529587e-05, 0.0015120877651497722, 0.9999989867210388, 4.55173397064209), (0.999999463558197, 0.0011572449002414942, -9.125014912569895e-05, 7.881382942199707), (0.0, 0.0, 0.0, 1.0))
((0.9999943375587463, -0.0030166064389050007, -0.0014911912148818374, -7.852689266204834), (0.0030116881243884563, 0.9999900460243225, -0.003289660206064582, 4.559445858001709), (0.0015011000214144588, 0.0032851507421582937, 0.9999935030937195, 19.061243057250977), (0.0, 0.0, 0.0, 1.0))
((1.0, 0.0, 0.0, -119.10736083984375), (0.0, 1.0, 0.0, -89.84278869628906), (0.0, 0.0, 1.0, -156.472900390625), (0.0, 0.0, 0.0, 1.0))
((1.0, 0.0, 0.0, -102.4154052734375), (0.0, 1.0, 0.0, -89.84278869628906), (0.0, 0.0, 1.0, -156.472900390625), (0.0, 0.0, 0.0, 1.0))
((1.0, 0.0, 0.0, -84.57070922851562), (0.0, 1.0, 0.0, -89.84278869628906), (0.0, 0.0, 1.0, -156.472900390625), (0.0, 0.0, 0.0, 1.0))
((1.0, 0.0, 0.0, -67.22300720214844), (0.0, 1.0, 0.0, -89.84278869628906), (0.0, 0.0, 1.0, -156.472900390625), (0.0, 0.0, 0.0, 1.0))
((1.0, 0.0, 0.0, -50.07801818847656), (0.0, 1.0, 0.0, -89.84278869628906), (0.0, 0.0, 1.0, -156.472900390625), (0.0, 0.0, 0.0, 1.0))