11moula5h_Minasunda.txt
((1.0, 0.0, 0.0, -119.1019287109375), (0.0, 1.0, 0.0, -72.85294342041016), (0.0, 0.0, 1.0, -155.53428649902344), (0.0, 0.0, 0.0, 1.0))
((1.0, 0.0, 0.0, -102.0750732421875), (0.0, 1.0, 0.0, -72.85294342041016), (0.0, 0.0, 1.0, -155.53428649902344), (0.0, 0.0, 0.0, 1.0))
((1.0, 0.0, 0.0, -84.83566284179688), (0.0, 1.0, 0.0, -72.85295104980469), (0.0, 0.0, 1.0, -155.53428649902344), (0.0, 0.0, 0.0, 1.0))
((1.0, 0.0, 0.0, -67.38400268554688), (0.0, 1.0, 0.0, -72.85294342041016), (0.0, 0.0, 1.0, -155.53428649902344), (0.0, 0.0, 0.0, 1.0))
((1.0, 0.0, 0.0, -50.06255340576172), (0.0, 1.0, 0.0, -72.85294342041016), (0.0, 0.0, 1.0, -155.53428649902344), (0.0, 0.0, 0.0, 1.0))
((-2.9802322387695312e-06, -0.9771054983139038, 0.21275553107261658, -63.86023712158203), (2.6017427444458008e-05, -0.21275562047958374, -0.9771054983139038, 18.733718872070312), (1.0, 2.7418136596679688e-06, 2.5957822799682617e-05, -155.47250366210938), (0.0, 0.0, 0.0, 1.0))
((1.0, -0.0007049560663290322, 0.0, -102.19377136230469), (0.0007049923879094422, 0.9998539090156555, 0.017078930512070656, -82.40467834472656), (0.0, -0.017078930512070656, 0.9998541474342346, -155.43649291992188), (0.0, 0.0, 0.0, 1.0))
((1.0, 0.00044771406101062894, -1.5242323570419103e-05, -84.58055877685547), (-0.0004473879234865308, 0.9998536109924316, 0.01710246503353119, -82.40482330322266), (2.2897107555763796e-05, -0.017102457582950592, 0.9998537302017212, -155.43646240234375), (0.0, 0.0, 0.0, 1.0))
((1.0, -0.00023284793132916093, 3.0458442779490724e-05, -67.22942352294922), (0.00023229329963214695, 0.9998539090156555, 0.017092594876885414, -82.40443420410156), (-3.4433967812219635e-05, -0.017092587426304817, 0.9998539090156555, -155.43649291992188), (0.0, 0.0, 0.0, 1.0))
((1.0, -0.0012018387205898762, -2.9123155400156975e-05, -50.081268310546875), (0.0012021611910313368, 0.9998528957366943, 0.017109056934714317, -82.4045639038086), (0.0, -0.017109079286456108, 0.9998536109924316, -155.4364776611328), (0.0, 0.0, 0.0, 1.0))
((-0.8547874689102173, -3.0875205993652344e-05, -0.5189788341522217, -68.87943267822266), (0.5189788341522217, -2.4437904357910156e-05, -0.854787290096283, 85.37629699707031), (1.3828277587890625e-05, -1.000000238418579, 3.6597251892089844e-05, -156.7769317626953), (0.0, 0.0, 0.0, 1.0))
((1.0, 0.0, 0.0, -101.98451232910156), (0.0, 1.0, 0.0, -64.60810852050781), (0.0, 0.0, 1.0, -156.77687072753906), (0.0, 0.0, 0.0, 1.0))
((1.0, 0.0, 0.0, -84.85054016113281), (0.0, 1.0, 0.0, -64.60810852050781), (0.0, 0.0, 1.0, -156.77687072753906), (0.0, 0.0, 0.0, 1.0))
((1.0, 0.0, 0.0, -67.50416564941406), (0.0, 1.0, 0.0, -64.60810852050781), (0.0, 0.0, 1.0, -156.77687072753906), (0.0, 0.0, 0.0, 1.0))
((1.0, 0.0, 0.0, -50.0667839050293), (0.0, 1.0, 0.0, -64.60810852050781), (0.0, 0.0, 1.0, -156.77687072753906), (0.0, 0.0, 0.0, 1.0))
((-0.5837169885635376, 0.8119572401046753, 9.572146518621594e-05, -54.188865661621094), (-0.8119572401046753, -0.5837169885635376, -6.951758405193686e-05, 26.737022399902344), (-5.710571713279933e-07, -0.00011830033326987177, 1.0, -156.77691650390625), (0.0, 0.0, 0.0, 1.0))
((-0.2830570936203003, -0.9591031074523926, 2.9484763217624277e-05, 27.99740982055664), (-0.9591031074523926, 0.28305697441101074, -1.0095990546687972e-05, 0.9391619563102722), (1.337227331532631e-06, -3.1136667530518025e-05, -1.0000001192092896, -156.77691650390625), (0.0, 0.0, 0.0, 1.0))
((-0.7534850239753723, 0.6574651002883911, -0.0003283151891082525, -64.68656921386719), (0.6574652194976807, 0.7534849047660828, -0.00022442045155912638, -51.88087844848633), (9.98319301288575e-05, -0.00038495322223752737, -1.0, -156.77732849121094), (0.0, 0.0, 0.0, 1.0))
((-0.9999234676361084, -0.01238101813942194, -1.6173982658074237e-05, 28.184717178344727), (-0.012381020002067089, 0.9999233484268188, 6.79938166285865e-05, -9.119836807250977), (1.533091017336119e-05, 6.81888559483923e-05, -1.0000001192092896, -156.77708435058594), (0.0, 0.0, 0.0, 1.0))
((1.0, 0.0, 0.0, -50.147830963134766), (0.0, 1.0, 0.0, -58.01145935058594), (0.0, 0.0, 1.0, -156.77687072753906), (0.0, 0.0, 0.0, 1.0))
((-0.4750051498413086, 0.7557387948036194, 0.45080918073654175, -12.217072486877441), (0.8358814120292664, 0.22735029458999634, 0.49961403012275696, 47.13318634033203), (0.27508610486984253, 0.6141422986984253, -0.7397004961967468, -156.47288513183594), (0.0, 0.0, 0.0, 1.0))
((1.0, 0.0, 0.0, -102.4154052734375), (0.0, 1.0, 0.0, -89.84278869628906), (0.0, 0.0, 1.0, -156.47296142578125), (0.0, 0.0, 0.0, 1.0))
((1.0, 0.0, 0.0, -84.57070922851562), (0.0, 1.0, 0.0, -89.84278869628906), (0.0, 0.0, 1.0, -156.47296142578125), (0.0, 0.0, 0.0, 1.0))
((1.0, 0.0, 0.0, -67.22300720214844), (0.0, 1.0, 0.0, -89.84278869628906), (0.0, 0.0, 1.0, -156.47296142578125), (0.0, 0.0, 0.0, 1.0))
((1.0, 0.0, 0.0, -50.07801818847656), (0.0, 1.0, 0.0, -89.84278869628906), (0.0, 0.0, 1.0, -156.47296142578125), (0.0, 0.0, 0.0, 1.0))