11moula5f_Minasunda.txt
((1.0, 0.0, 0.0, -119.1019287109375), (0.0, 1.0, 0.0, -72.85294342041016), (0.0, 0.0, 1.0, -155.53428649902344), (0.0, 0.0, 0.0, 1.0))
((1.0, 0.0, 0.0, -102.0750732421875), (0.0, 1.0, 0.0, -72.85294342041016), (0.0, 0.0, 1.0, -155.53428649902344), (0.0, 0.0, 0.0, 1.0))
((1.0, 0.0, 0.0, -84.83566284179688), (0.0, 1.0, 0.0, -72.85295104980469), (0.0, 0.0, 1.0, -155.53428649902344), (0.0, 0.0, 0.0, 1.0))
((1.0, 0.0, 0.0, -67.38400268554688), (0.0, 1.0, 0.0, -72.85294342041016), (0.0, 0.0, 1.0, -155.53428649902344), (0.0, 0.0, 0.0, 1.0))
((1.0, 0.0, 0.0, -50.06255340576172), (0.0, 1.0, 0.0, -72.85294342041016), (0.0, 0.0, 1.0, -155.53428649902344), (0.0, 0.0, 0.0, 1.0))
((-0.007624313235282898, 0.6949073672294617, 0.7190592288970947, -0.2042127102613449), (0.9999712109565735, 0.005297258496284485, 0.005482912063598633, 0.4566066563129425), (8.940696716308594e-07, 0.7190801501274109, -0.6949278116226196, 9.794593811035156), (0.0, 0.0, 0.0, 1.0))
((1.0, -0.0007049560663290322, 0.0, -102.19377136230469), (0.0007049923879094422, 0.9998539090156555, 0.017078930512070656, -82.40467834472656), (0.0, -0.017078930512070656, 0.9998541474342346, -155.43649291992188), (0.0, 0.0, 0.0, 1.0))
((1.0, 0.00044771406101062894, -1.5242323570419103e-05, -84.58055877685547), (-0.0004473879234865308, 0.9998536109924316, 0.01710246503353119, -82.40482330322266), (2.2897107555763796e-05, -0.017102457582950592, 0.9998537302017212, -155.43646240234375), (0.0, 0.0, 0.0, 1.0))
((1.0, -0.00023284793132916093, 3.0458442779490724e-05, -67.22942352294922), (0.00023229329963214695, 0.9998539090156555, 0.017092594876885414, -82.40443420410156), (-3.4433967812219635e-05, -0.017092587426304817, 0.9998539090156555, -155.43649291992188), (0.0, 0.0, 0.0, 1.0))
((1.0, -0.0012018387205898762, -2.9123155400156975e-05, -50.081268310546875), (0.0012021611910313368, 0.9998528957366943, 0.017109056934714317, -82.4045639038086), (0.0, -0.017109079286456108, 0.9998536109924316, -155.4364776611328), (0.0, 0.0, 0.0, 1.0))
((0.9999750852584839, 0.007017376832664013, -0.0007644477882422507, -0.050030287355184555), (-0.007015186361968517, 0.9999713897705078, 0.0028307982720434666, -8.458788871765137), (0.0007842906634323299, -0.00282536493614316, 0.9999957084655762, 10.571009635925293), (0.0, 0.0, 0.0, 1.0))
((1.0, 0.0, 0.0, -101.98451232910156), (0.0, 1.0, 0.0, -64.60810852050781), (0.0, 0.0, 1.0, -156.77687072753906), (0.0, 0.0, 0.0, 1.0))
((1.0, 0.0, 0.0, -84.85054016113281), (0.0, 1.0, 0.0, -64.60810852050781), (0.0, 0.0, 1.0, -156.77687072753906), (0.0, 0.0, 0.0, 1.0))
((1.0, 0.0, 0.0, -67.50416564941406), (0.0, 1.0, 0.0, -64.60810852050781), (0.0, 0.0, 1.0, -156.77687072753906), (0.0, 0.0, 0.0, 1.0))
((1.0, 0.0, 0.0, -50.0667839050293), (0.0, 1.0, 0.0, -64.60810852050781), (0.0, 0.0, 1.0, -156.77687072753906), (0.0, 0.0, 0.0, 1.0))
((-0.0003800392150878906, -0.9999999403953552, 6.0014128393959254e-05, -15.747895240783691), (0.9999999403953552, -0.0003800392150878906, -4.248029654263519e-05, 0.2883029282093048), (4.250309575581923e-05, 5.9997979406034574e-05, 1.0, 10.570780754089355), (0.0, 0.0, 0.0, 1.0))
((0.00021076202392578125, 1.0000001192092896, -1.0258554539177567e-05, 15.804702758789062), (-1.0000001192092896, 0.00021076202392578125, -1.0818439477588981e-09, 0.43959054350852966), (1.0818439477588981e-09, 1.0258554539177567e-05, 1.0, 10.570818901062012), (0.0, 0.0, 0.0, 1.0))
((0.9999998807907104, -0.0005260701291263103, 6.286152931522793e-09, -9.349878311157227), (0.0005260701291263103, 0.9999998807907104, -2.3898535800981335e-05, -8.456339836120605), (6.286152931522793e-09, 2.3898535800981335e-05, 1.0, 10.570873260498047), (0.0, 0.0, 0.0, 1.0))
((0.9999812841415405, -0.006115628872066736, 1.7506739879991073e-07, 9.220687866210938), (0.006115628872066736, 0.9999812841415405, -5.725193477701396e-05, -8.41268539428711), (1.7506739879991073e-07, 5.725193477701396e-05, 1.0, 10.570854187011719), (0.0, 0.0, 0.0, 1.0))
((1.0, 0.0, 0.0, -50.147830963134766), (0.0, 1.0, 0.0, -58.01145935058594), (0.0, 0.0, 1.0, -156.77687072753906), (0.0, 0.0, 0.0, 1.0))
((-0.4750051498413086, 0.7557387948036194, 0.45080918073654175, -12.217072486877441), (0.8358814120292664, 0.22735029458999634, 0.49961403012275696, 47.13318634033203), (0.27508610486984253, 0.6141422390937805, -0.7397004961967468, -156.47288513183594), (0.0, 0.0, 0.0, 1.0))
((1.0, 0.0, 0.0, -102.4154052734375), (0.0, 1.0, 0.0, -89.84278869628906), (0.0, 0.0, 1.0, -156.47296142578125), (0.0, 0.0, 0.0, 1.0))
((1.0, 0.0, 0.0, -84.57070922851562), (0.0, 1.0, 0.0, -89.84278869628906), (0.0, 0.0, 1.0, -156.47296142578125), (0.0, 0.0, 0.0, 1.0))
((1.0, 0.0, 0.0, -67.22300720214844), (0.0, 1.0, 0.0, -89.84278869628906), (0.0, 0.0, 1.0, -156.47296142578125), (0.0, 0.0, 0.0, 1.0))
((1.0, 0.0, 0.0, -50.07801818847656), (0.0, 1.0, 0.0, -89.84278869628906), (0.0, 0.0, 1.0, -156.47296142578125), (0.0, 0.0, 0.0, 1.0))