11moula2c_Minasunda.txt
((0.9999280571937561, -0.01199399959295988, 0.0, -12.643864631652832), (0.01199399959295988, 0.9999280571937561, 0.0, -6.30418062210083), (0.0, 0.0, 1.0, 17.81346321105957), (0.0, 0.0, 0.0, 1.0))
((0.9997218251228333, -0.023584777489304543, 0.0, 12.780362129211426), (0.023584777489304543, 0.9997218251228333, 0.0, -6.2324371337890625), (0.0, 0.0, 1.0, 17.813438415527344), (0.0, 0.0, 0.0, 1.0))
((0.9992848634719849, -0.03781215846538544, 0.0, -6.113770961761475), (0.03781215846538544, 0.9992848634719849, 0.0, -12.733109474182129), (0.0, 0.0, 1.0, 20.813434600830078), (0.0, 0.0, 0.0, 1.0))
((0.9984622001647949, -0.0554368756711483, 0.0, 6.5965166091918945), (0.0554368756711483, 0.9984622001647949, 0.0, -12.706880569458008), (0.0, 0.0, 1.0, 20.813411712646484), (0.0, 0.0, 0.0, 1.0))
((0.9999604821205139, -0.008889797143638134, 0.0, -0.1929589956998825), (0.008889797143638134, 0.9999604821205139, 0.0, -13.079329490661621), (0.0, 0.0, 1.0, 23.813411712646484), (0.0, 0.0, 0.0, 1.0))
((1.0, 0.00045036652591079473, 0.0, -119.23994445800781), (-0.0004501738294493407, 0.9998540282249451, 0.017079543322324753, -82.4048843383789), (1.5126287507882807e-05, -0.017079537734389305, 0.9998541474342346, -155.43649291992188), (0.0, 0.0, 0.0, 1.0))
((1.0, -0.0007092346204444766, -1.9927179891965352e-05, -102.19378662109375), (0.0007094715838320553, 0.999853789806366, 0.017085345461964607, -82.40467071533203), (0.0, -0.017085354775190353, 0.9998540282249451, -155.43649291992188), (0.0, 0.0, 0.0, 1.0))
((1.0, 0.00044914352474734187, -1.0213665518676862e-05, -84.58053588867188), (-0.00044890353456139565, 0.9998540282249451, 0.017080729827284813, -82.40486907958984), (1.788387271517422e-05, -0.017080724239349365, 0.9998540878295898, -155.43650817871094), (0.0, 0.0, 0.0, 1.0))
((1.0, -0.00023470121959690005, 2.1089832443976775e-05, -67.22944641113281), (0.00023430712462868541, 0.999854326248169, 0.017065400257706642, -82.40449523925781), (-2.5092029318329878e-05, -0.017065394669771194, 0.9998543858528137, -155.43650817871094), (0.0, 0.0, 0.0, 1.0))
((1.0, -0.0012051600497215986, -2.5153105525532737e-05, -50.08125305175781), (0.0012054139515385032, 0.9998531341552734, 0.017095224931836128, -82.40459442138672), (0.0, -0.01709524355828762, 0.9998538494110107, -155.43649291992188), (0.0, 0.0, 0.0, 1.0))
((1.0, 0.0, 0.0, -119.26049041748047), (0.0, 1.0, 0.0, -64.60810852050781), (0.0, 0.0, 1.0, -156.7769012451172), (0.0, 0.0, 0.0, 1.0))
((1.0, 0.0, 0.0, -101.98451232910156), (0.0, 1.0, 0.0, -64.60810852050781), (0.0, 0.0, 1.0, -156.7769012451172), (0.0, 0.0, 0.0, 1.0))
((1.0, 0.0, 0.0, -84.85054016113281), (0.0, 1.0, 0.0, -64.60810852050781), (0.0, 0.0, 1.0, -156.7769012451172), (0.0, 0.0, 0.0, 1.0))
((1.0, 0.0, 0.0, -67.50416564941406), (0.0, 1.0, 0.0, -64.60810852050781), (0.0, 0.0, 1.0, -156.7769012451172), (0.0, 0.0, 0.0, 1.0))
((1.0, 0.0, 0.0, -50.0667839050293), (0.0, 1.0, 0.0, -64.60810852050781), (0.0, 0.0, 1.0, -156.7769012451172), (0.0, 0.0, 0.0, 1.0))
((0.0002626776695251465, -7.107853889465332e-05, -1.0, 2.0849449634552), (1.0000001192092896, 2.384185791015625e-07, 0.00026276707649230957, 4.353762149810791), (2.980232238769531e-07, -1.0000001192092896, 7.098913192749023e-05, 1.5709348917007446), (0.0, 0.0, 0.0, 1.0))
((0.005294859409332275, -8.90493392944336e-05, -0.999985933303833, -1.9524093866348267), (-0.999985933303833, 9.119510650634766e-06, -0.005294829607009888, 4.359884262084961), (9.506940841674805e-06, 1.0, -8.893013000488281e-05, 1.5708593130111694), (0.0, 0.0, 0.0, 1.0))
((1.0, 0.0, 0.0, -85.0096435546875), (0.0, 1.0, 0.0, -58.01146697998047), (0.0, 0.0, 1.0, -156.77687072753906), (0.0, 0.0, 0.0, 1.0))
((1.0, 0.0, 0.0, -67.6668701171875), (0.0, 1.0, 0.0, -58.01145935058594), (0.0, 0.0, 1.0, -156.77687072753906), (0.0, 0.0, 0.0, 1.0))
((1.0, 0.0, 0.0, -50.147830963134766), (0.0, 1.0, 0.0, -58.01145935058594), (0.0, 0.0, 1.0, -156.77687072753906), (0.0, 0.0, 0.0, 1.0))
((1.0, 0.0, 0.0, -119.10736083984375), (0.0, 1.0, 0.0, -89.84278869628906), (0.0, 0.0, 1.0, -156.472900390625), (0.0, 0.0, 0.0, 1.0))
((1.0, 0.0, 0.0, -102.4154052734375), (0.0, 1.0, 0.0, -89.84278869628906), (0.0, 0.0, 1.0, -156.472900390625), (0.0, 0.0, 0.0, 1.0))
((1.0, 0.0, 0.0, -84.57070922851562), (0.0, 1.0, 0.0, -89.84278869628906), (0.0, 0.0, 1.0, -156.472900390625), (0.0, 0.0, 0.0, 1.0))
((1.0, 0.0, 0.0, -67.22300720214844), (0.0, 1.0, 0.0, -89.84278869628906), (0.0, 0.0, 1.0, -156.472900390625), (0.0, 0.0, 0.0, 1.0))
((1.0, 0.0, 0.0, -50.07801818847656), (0.0, 1.0, 0.0, -89.84278869628906), (0.0, 0.0, 1.0, -156.472900390625), (0.0, 0.0, 0.0, 1.0))