14_Mirphak.txt
((1.0, 0.0, 0.0, -119.1019287109375), (0.0, 1.0, 0.0, -72.85294342041016), (0.0, 0.0, 1.0, -155.53424072265625), (0.0, 0.0, 0.0, 1.0))
((1.0, 0.0, 0.0, -102.0750732421875), (0.0, 1.0, 0.0, -72.85294342041016), (0.0, 0.0, 1.0, -155.53424072265625), (0.0, 0.0, 0.0, 1.0))
((1.0, 0.0, 0.0, -84.83566284179688), (0.0, 1.0, 0.0, -72.85295104980469), (0.0, 0.0, 1.0, -155.53424072265625), (0.0, 0.0, 0.0, 1.0))
((1.0, 0.0, 0.0, -67.38400268554688), (0.0, 1.0, 0.0, -72.85294342041016), (0.0, 0.0, 1.0, -155.53424072265625), (0.0, 0.0, 0.0, 1.0))
((1.0, 0.0, 0.0, -50.06255340576172), (0.0, 1.0, 0.0, -72.85294342041016), (0.0, 0.0, 1.0, -155.53424072265625), (0.0, 0.0, 0.0, 1.0))
((-0.9999994039535522, -0.0011048497399315238, -1.898704249470029e-05, 12.96910572052002), (0.0011050129542127252, -0.9998533725738525, -0.01708824560046196, -0.5705922245979309), (-1.0431414665390548e-07, -0.017088256776332855, 0.9998539686203003, 8.911231994628906), (0.0, 0.0, 0.0, 1.0))
((-0.9999992847442627, 0.0010857429588213563, 1.501571932749357e-05, -13.01146411895752), (-0.0010858412133529782, -0.999854326248169, -0.01702449470758438, -0.5727682113647461), (-3.47069385497889e-06, -0.017024502158164978, 0.999855101108551, 8.911186218261719), (0.0, 0.0, 0.0, 1.0))
((-0.9999459981918335, -0.010432349517941475, -0.00017742827185429633, 12.861527442932129), (0.010433858260512352, -0.9997999668121338, -0.017087040469050407, 5.914797306060791), (8.652266956232779e-07, -0.017087960615754128, 0.9998539686203003, 2.911223888397217), (0.0, 0.0, 0.0, 1.0))
((-0.9998194575309753, -0.018995318561792374, -0.0005758435581810772, -12.78903579711914), (0.019002225250005722, -0.9996839761734009, -0.016461938619613647, 5.920681476593018), (-0.0002629617811180651, -0.016469908878207207, 0.9998643398284912, 2.9108150005340576), (0.0, 0.0, 0.0, 1.0))
((0.9999992847442627, -0.0012018752750009298, -2.4844883228070103e-05, -50.081268310546875), (0.0012021244037896395, 0.9998528957366943, 0.017109069973230362, -82.4045639038086), (4.278259439161047e-06, -0.017109088599681854, 0.9998536109924316, -155.4364776611328), (0.0, 0.0, 0.0, 1.0))
((0.999935507774353, 0.011359377764165401, 2.1176932932576165e-05, 0.2711150050163269), (-0.011359376832842827, 0.999935507774353, -3.4814842365449294e-05, -13.388309478759766), (-2.157104063371662e-05, 3.4572040021885186e-05, 1.0, 1.5708061456680298), (0.0, 0.0, 0.0, 1.0))
((0.9882108569145203, -0.1530989557504654, 2.0698364096460864e-05, 0.048291340470314026), (0.1530989557504654, 0.9882108569145203, -4.037506732856855e-05, -7.237155914306641), (-1.4272967746364884e-05, 4.306797563913278e-05, 1.0, 1.5708023309707642), (0.0, 0.0, 0.0, 1.0))
((1.0, 2.858864533994421e-10, 1.3495141502062324e-05, 0.027908410876989365), (2.858864533994421e-10, 1.0, -4.2368796130176634e-05, 0.09855577349662781), (-1.3495141502062324e-05, 4.2368796130176634e-05, 1.0, 1.5708004236221313), (0.0, 0.0, 0.0, 1.0))
((0.9998793601989746, -0.01553460955619812, 2.182774551329203e-05, 0.06680867075920105), (0.01553460955619812, 0.9998793005943298, -3.449718496995047e-05, 13.523087501525879), (-2.1289210053510033e-05, 3.483210821286775e-05, 1.0, 1.5708023309707642), (0.0, 0.0, 0.0, 1.0))
((0.9968322515487671, 0.07953259348869324, 1.0613128324621357e-05, 0.027933677658438683), (-0.07953259348869324, 0.9968322515487671, -4.253563020029105e-05, 7.0846381187438965), (-1.3962477169116028e-05, 4.155679926043376e-05, 1.0, 1.5708061456680298), (0.0, 0.0, 0.0, 1.0))
((0.9999998807907104, 0.0004540965601336211, -3.0542789318133146e-05, 0.15577541291713715), (-0.00045408416190184653, 0.9999998211860657, 0.0004048114351462573, -4.352065563201904), (3.0726609111297876e-05, -0.00040479752351529896, 0.9999999403953552, 13.00278091430664), (0.0, 0.0, 0.0, 1.0))
((0.9999999403953552, 0.00028522685170173645, -3.2508516596863046e-05, 10.896773338317871), (-0.0002852343022823334, 0.9999999403953552, -0.00022939218615647405, -4.351038932800293), (3.2443083910038695e-05, 0.0002294014411745593, 1.0, 10.570477485656738), (0.0, 0.0, 0.0, 1.0))
((1.0, -1.6855223293532617e-05, 1.4829251085757278e-05, -11.033424377441406), (1.4839471987215802e-05, 0.0006063508917577565, -1.0, -4.350131511688232), (1.684622657194268e-05, 1.0, 0.0006063511245884001, 10.569079399108887), (0.0, 0.0, 0.0, 1.0))
((0.9999984502792358, -0.00010160904639633372, -0.001751517760567367, 15.877838134765625), (-0.0017515099607408047, 7.707101758569479e-05, -0.9999985098838806, -4.3470001220703125), (0.00010174399358220398, 1.0, 7.689292397117242e-05, 13.00369930267334), (0.0, 0.0, 0.0, 1.0))
((0.9999992251396179, -0.0012302132090553641, -5.2206793043296784e-05, -15.193360328674316), (0.0012302456889301538, 0.9999990463256836, 0.0006271813181228936, -4.349261283874512), (5.1435174100333825e-05, -0.0006272450555115938, 0.9999998211860657, 13.002893447875977), (0.0, 0.0, 0.0, 1.0))
((1.0, 0.0, 0.0, -119.10736083984375), (0.0, 1.0, 0.0, -89.84278869628906), (0.0, 0.0, 1.0, -156.472900390625), (0.0, 0.0, 0.0, 1.0))
((1.0, 0.0, 0.0, -102.4154052734375), (0.0, 1.0, 0.0, -89.84278869628906), (0.0, 0.0, 1.0, -156.472900390625), (0.0, 0.0, 0.0, 1.0))
((1.0, 0.0, 0.0, -84.57070922851562), (0.0, 1.0, 0.0, -89.84278869628906), (0.0, 0.0, 1.0, -156.472900390625), (0.0, 0.0, 0.0, 1.0))
((1.0, 0.0, 0.0, -67.22300720214844), (0.0, 1.0, 0.0, -89.84278869628906), (0.0, 0.0, 1.0, -156.472900390625), (0.0, 0.0, 0.0, 1.0))
((1.0, 0.0, 0.0, -50.07801818847656), (0.0, 1.0, 0.0, -89.84278869628906), (0.0, 0.0, 1.0, -156.472900390625), (0.0, 0.0, 0.0, 1.0))