18_Mirphak.txt
((1.0, 0.0, 0.0, -119.1019287109375), (0.0, 1.0, 0.0, -72.85294342041016), (0.0, 0.0, 1.0, -155.53428649902344), (0.0, 0.0, 0.0, 1.0))
((1.0, 0.0, 0.0, -102.0750732421875), (0.0, 1.0, 0.0, -72.85294342041016), (0.0, 0.0, 1.0, -155.53428649902344), (0.0, 0.0, 0.0, 1.0))
((1.0, 0.0, 0.0, -84.83566284179688), (0.0, 1.0, 0.0, -72.85295104980469), (0.0, 0.0, 1.0, -155.53428649902344), (0.0, 0.0, 0.0, 1.0))
((1.0, 0.0, 0.0, -67.38400268554688), (0.0, 1.0, 0.0, -72.85294342041016), (0.0, 0.0, 1.0, -155.53428649902344), (0.0, 0.0, 0.0, 1.0))
((1.0, 0.0, 0.0, -50.06255340576172), (0.0, 1.0, 0.0, -72.85294342041016), (0.0, 0.0, 1.0, -155.53428649902344), (0.0, 0.0, 0.0, 1.0))
((-0.010821460746228695, 0.69513338804245, 0.7188001275062561, 13.69350814819336), (0.9999419450759888, 0.0078358119353652, 0.007474859710782766, -0.19104042649269104), (-0.0004367677611298859, 0.7188388705253601, -0.6951780319213867, 18.285995483398438), (0.0, 0.0, 0.0, 1.0))
((0.01113652903586626, -0.695044755935669, -0.7188799381256104, -13.592558860778809), (-0.999934196472168, -0.005813406314700842, -0.009869281202554703, -0.5216992497444153), (0.002680285833775997, 0.7189426422119141, -0.6950636506080627, 18.289012908935547), (0.0, 0.0, 0.0, 1.0))
((0.009566107764840126, -0.6949883699417114, -0.7189582586288452, -6.783379077911377), (-0.9999531507492065, -0.005293358117341995, -0.008189634419977665, -0.3539646863937378), (0.001886491198092699, 0.7190024256706238, -0.6950066685676575, 18.29097557067871), (0.0, 0.0, 0.0, 1.0))
((-0.013309336267411709, 0.6952064633369446, 0.7186880707740784, 6.867280006408691), (0.9999110698699951, 0.01037249993532896, 0.008481682278215885, -0.2522530257701874), (-0.00155868090223521, 0.718736469745636, -0.6952829360961914, 18.284940719604492), (0.0, 0.0, 0.0, 1.0))
((0.010263959877192974, -0.6944915652275085, -0.7194277048110962, 0.023340363055467606), (-0.9999459981918335, -0.005927226506173611, -0.008544433861970901, -0.3622896075248718), (0.0016698711551725864, 0.7194765210151672, -0.6945149302482605, 18.291440963745117), (0.0, 0.0, 0.0, 1.0))
((1.0, 0.0, 0.0, -119.26049041748047), (0.0, 1.0, 0.0, -64.60810852050781), (0.0, 0.0, 1.0, -156.77691650390625), (0.0, 0.0, 0.0, 1.0))
((1.0, 0.0, 0.0, -101.98451232910156), (0.0, 1.0, 0.0, -64.60810852050781), (0.0, 0.0, 1.0, -156.77691650390625), (0.0, 0.0, 0.0, 1.0))
((1.0, 0.0, 0.0, -84.85054016113281), (0.0, 1.0, 0.0, -64.60810852050781), (0.0, 0.0, 1.0, -156.77691650390625), (0.0, 0.0, 0.0, 1.0))
((1.0, 0.0, 0.0, -67.50416564941406), (0.0, 1.0, 0.0, -64.60810852050781), (0.0, 0.0, 1.0, -156.77691650390625), (0.0, 0.0, 0.0, 1.0))
((1.0, 0.0, 0.0, -50.0667839050293), (0.0, 1.0, 0.0, -64.60810852050781), (0.0, 0.0, 1.0, -156.77691650390625), (0.0, 0.0, 0.0, 1.0))
((-9.323784615844488e-05, 0.11010520160198212, 0.9939204454421997, 11.177753448486328), (-0.000671597255859524, 0.9939197301864624, -0.1101052388548851, -0.28253820538520813), (-1.000000238418579, -0.0006777228554710746, -1.8727771021076478e-05, 7.886143684387207), (0.0, 0.0, 0.0, 1.0))
((-0.0010366797214373946, 0.9999993443489075, 0.0007347579230554402, -11.31999683380127), (0.0008851220482029021, -0.0007339927833527327, 0.999999463558197, -0.2212350219488144), (0.9999992251396179, 0.0010371771641075611, -0.0008845129050314426, 7.883932590484619), (0.0, 0.0, 0.0, 1.0))
((-0.0005692154518328607, -0.999413251876831, 0.03426113724708557, -0.031784746795892715), (-0.0005722306086681783, 0.034260958433151245, 0.999413251876831, 0.06063415855169296), (-1.000000238418579, 0.0005487718153744936, -0.0005918838432990015, 7.885537624359131), (0.0, 0.0, 0.0, 1.0))
((0.99993896484375, -0.0005459232488647103, 0.011037341319024563, 7.6134867668151855), (-0.011037853546440601, -0.0009443325106985867, 0.9999389052391052, -0.375077486038208), (-0.0005354700260795653, -0.9999997019767761, -0.0009503007167950273, 16.630735397338867), (0.0, 0.0, 0.0, 1.0))
((0.9999998211860657, -0.00038871882134117186, -0.0003899034927599132, -7.636854648590088), (0.0003895405388902873, 0.9999976754188538, 0.0021095937117934227, -0.5174365639686584), (0.00038908253191038966, -0.0021097452845424414, 0.9999976754188538, 16.632587432861328), (0.0, 0.0, 0.0, 1.0))
((1.0, 0.0, 0.0, -119.10736083984375), (0.0, 1.0, 0.0, -89.84278869628906), (0.0, 0.0, 1.0, -156.472900390625), (0.0, 0.0, 0.0, 1.0))
((1.0, 0.0, 0.0, -102.4154052734375), (0.0, 1.0, 0.0, -89.84278869628906), (0.0, 0.0, 1.0, -156.472900390625), (0.0, 0.0, 0.0, 1.0))
((1.0, 0.0, 0.0, -84.57070922851562), (0.0, 1.0, 0.0, -89.84278869628906), (0.0, 0.0, 1.0, -156.472900390625), (0.0, 0.0, 0.0, 1.0))
((1.0, 0.0, 0.0, -67.22300720214844), (0.0, 1.0, 0.0, -89.84278869628906), (0.0, 0.0, 1.0, -156.472900390625), (0.0, 0.0, 0.0, 1.0))
((1.0, 0.0, 0.0, -50.07801818847656), (0.0, 1.0, 0.0, -89.84278869628906), (0.0, 0.0, 1.0, -156.472900390625), (0.0, 0.0, 0.0, 1.0))