A_MagicMir.txt
((1.0, 5.7421868149276634e-08, 4.3726967646762205e-07, -119.1019287109375), (-5.7421335242224814e-08, 1.0, -1.2266660860404954e-06, -72.85295867919922), (-4.372697333110409e-07, 1.2266660860404954e-06, 1.0, -155.5343017578125), (0.0, 0.0, 0.0, 1.0))
((1.0, 5.7421868149276634e-08, 4.3726967646762205e-07, -102.0750732421875), (-5.7421335242224814e-08, 1.0, -1.2266660860404954e-06, -72.85295867919922), (-4.372697333110409e-07, 1.2266660860404954e-06, 1.0, -155.5343017578125), (0.0, 0.0, 0.0, 1.0))
((1.0, 4.2580862213981163e-07, -9.244669172403519e-07, -84.83566284179688), (-4.2580799686220416e-07, 1.0, 6.77784498748224e-07, -72.85295104980469), (9.244672583008651e-07, -6.777841576877108e-07, 1.0, -155.5343017578125), (0.0, 0.0, 0.0, 1.0))
((1.0, 5.7421868149276634e-08, 4.3726967646762205e-07, -67.38400268554688), (-5.7421335242224814e-08, 1.0, -1.2266660860404954e-06, -72.85295867919922), (-4.372697333110409e-07, 1.2266660860404954e-06, 1.0, -155.5343017578125), (0.0, 0.0, 0.0, 1.0))
((1.0, -5.138947472005384e-07, 3.257469316508832e-08, -50.06255340576172), (5.138948608873761e-07, 1.0, -1.7782414261091617e-06, -72.85295104980469), (-3.257377656495919e-08, 1.7782414261091617e-06, 1.0, -155.5343017578125), (0.0, 0.0, 0.0, 1.0))
((0.8619611263275146, -0.5069010257720947, -0.008619838394224644, -4.644654273986816), (0.5069743394851685, 0.8618342876434326, 0.014789137057960033, -45.97603225708008), (-6.775557994842529e-05, -0.0171176977455616, 0.9998534917831421, 2.509593963623047), (0.0, 0.0, 0.0, 1.0))
((-0.5041072964668274, 0.6001459360122681, 0.6210483312606812, -4.956446647644043), (0.861781120300293, 0.39672189950942993, 0.31614112854003906, 20.858793258666992), (-0.05665269494056702, 0.694576621055603, -0.7171849012374878, 0.623149573802948), (0.0, 0.0, 0.0, 1.0))
((0.9999998807907104, 0.00045075404341332614, 6.219834176590666e-07, -84.58052062988281), (-0.000450698978966102, 0.9998542070388794, 0.017069770023226738, -82.40489196777344), (7.072375410643872e-06, -0.017069770023226738, 0.999854326248169, -155.43650817871094), (0.0, 0.0, 0.0, 1.0))
((1.0, -0.0002338611229788512, 2.8004940304526826e-06, -67.2294921875), (0.00023377934121526778, 0.999854564666748, 0.017056046053767204, -82.40451049804688), (-6.7888322519138455e-06, -0.017056046053767204, 0.999854564666748, -155.43650817871094), (0.0, 0.0, 0.0, 1.0))
((0.9999992847442627, -0.0012065456248819828, -2.241962829430122e-05, -50.08123779296875), (0.001206752611324191, 0.9998533725738525, 0.017081545665860176, -82.40462493896484), (1.8066730262944475e-06, -0.01708156056702137, 0.9998540878295898, -155.43649291992188), (0.0, 0.0, 0.0, 1.0))
((1.0, -1.9422765262788744e-07, 5.29692727013753e-07, -119.26048278808594), (1.9422674313318566e-07, 1.0, 1.7125145177487866e-06, -64.60810852050781), (-5.296930680742662e-07, -1.7125145177487866e-06, 1.0, -156.77687072753906), (0.0, 0.0, 0.0, 1.0))
((1.0, -1.9435705667092407e-07, 5.296100766827294e-07, -101.98451232910156), (1.943561471762223e-07, 1.0, 1.7132201719505247e-06, -64.60810852050781), (-5.296104177432426e-07, -1.7132201719505247e-06, 1.0, -156.77687072753906), (0.0, 0.0, 0.0, 1.0))
((1.0, -1.9435705667092407e-07, 5.296100766827294e-07, -84.85054016113281), (1.943561471762223e-07, 1.0, 1.7132201719505247e-06, -64.60810852050781), (-5.296104177432426e-07, -1.7132201719505247e-06, 1.0, -156.77687072753906), (0.0, 0.0, 0.0, 1.0))
((1.0, -1.9435705667092407e-07, 5.296100766827294e-07, -67.50416564941406), (1.943561471762223e-07, 1.0, 1.7132201719505247e-06, -64.60810852050781), (-5.296104177432426e-07, -1.7132201719505247e-06, 1.0, -156.77687072753906), (0.0, 0.0, 0.0, 1.0))
((1.0, -1.930895052737469e-07, 5.278849926071416e-07, -50.06678009033203), (1.9308859577904514e-07, 1.0, 1.7001443666231353e-06, -64.60810852050781), (-5.278853336676548e-07, -1.7001443666231353e-06, 1.0, -156.77687072753906), (0.0, 0.0, 0.0, 1.0))
((0.999654233455658, 0.026294425129890442, -2.0497214791248553e-05, -31.105091094970703), (-0.026294425129890442, 0.999654233455658, -6.48793502477929e-05, 0.15919794142246246), (1.8784163330565207e-05, 6.539588503073901e-05, 1.0, 1.1691062450408936), (0.0, 0.0, 0.0, 1.0))
((1.0, 2.1260873617201526e-10, -4.698923916635067e-09, -102.04205322265625), (-2.1260870841643964e-10, 1.0, 5.12675235597726e-09, -58.01145935058594), (4.698923916635067e-09, -5.12675235597726e-09, 1.0, -156.77687072753906), (0.0, 0.0, 0.0, 1.0))
((1.0, 2.789582431717008e-08, -2.40586871314008e-07, -85.0096435546875), (-2.7896872367705328e-08, 1.0, -4.358342721388908e-06, -58.01146697998047), (2.405867576271703e-07, 4.358342721388908e-06, 1.0, -156.77687072753906), (0.0, 0.0, 0.0, 1.0))
((1.0, -4.573240119931654e-10, 7.650764644040464e-08, -67.6668701171875), (4.573293410636836e-10, 1.0, -6.937744245760769e-08, -58.01145935058594), (-7.650764644040464e-08, 6.937744245760769e-08, 1.0, -156.77687072753906), (0.0, 0.0, 0.0, 1.0))
((1.0, 1.5937282604738812e-09, -1.0925268867367777e-07, -50.14783477783203), (-1.5937220432249433e-09, 1.0, 5.640546874019492e-08, -58.01145935058594), (1.0925268867367777e-07, -5.640546874019492e-08, 1.0, -156.77687072753906), (0.0, 0.0, 0.0, 1.0))
((-0.23725789785385132, -0.5046665668487549, -0.8300724625587463, -5.4422783851623535), (-0.3742637634277344, -0.7410247325897217, 0.5575024485588074, -3.1818830966949463), (-0.8964571356773376, 0.4429379105567932, -0.013064444065093994, 1.8748362064361572), (0.0, 0.0, 0.0, 1.0))
((0.7814129590988159, 0.5969992280006409, 0.18162032961845398, -20.539411544799805), (0.5707733035087585, -0.8014374375343323, 0.1786547750234604, -34.007102966308594), (0.25221389532089233, -0.035939186811447144, -0.9670048356056213, 1.4731175899505615), (0.0, 0.0, 0.0, 1.0))
((-0.426443874835968, 0.23968066275119781, -0.8721804618835449, -5.682656288146973), (-0.5471828579902649, 0.6994426846504211, 0.45975080132484436, 3.394667148590088), (0.720233678817749, 0.6733000874519348, -0.1671239137649536, 1.8748254776000977), (0.0, 0.0, 0.0, 1.0))
((1.0, 0.0, 0.0, -67.22300720214844), (0.0, 1.0, 0.0, -89.84278869628906), (0.0, 0.0, 1.0, -156.47296142578125), (0.0, 0.0, 0.0, 1.0))
((1.0, 0.0, 0.0, -50.07801818847656), (0.0, 1.0, 0.0, -89.84278869628906), (0.0, 0.0, 1.0, -156.47296142578125), (0.0, 0.0, 0.0, 1.0))