invaded_castle_BenSam.txt
((-0.0015869140625, -0.19183239340782166, -0.9814205765724182, -1.2440454959869385), (0.0017129182815551758, -0.9814152717590332, 0.19182968139648438, 6.98980188369751), (-0.9999915957450867, -0.0013755857944488525, 0.0018973099067807198, 2.813455104827881), (0.0, 0.0, 0.0, 1.0))
((0.9971776604652405, 5.857646465301514e-05, 0.07507859170436859, -7.112346649169922), (-0.07507817447185516, -0.0026501836255192757, 0.9971908330917358, 7.192005634307861), (0.00025612860918045044, -1.0000131130218506, -0.0026383530348539352, 5.847372531890869), (0.0, 0.0, 0.0, 1.0))
((0.802741289138794, -0.5889064073562622, 0.09378708899021149, -4.707512378692627), (0.5554615259170532, 0.6812047958374023, -0.4768889546394348, -3.0169718265533447), (0.21695448458194733, 0.4349135756492615, 0.8739457130432129, 6.953183174133301), (0.0, 0.0, 0.0, 1.0))
((-0.03831067681312561, 0.10840630531311035, 0.9933662414550781, 7.240975856781006), (0.9410884380340576, 0.3381563723087311, -0.0006065964698791504, -1.4312825202941895), (-0.3359776735305786, 0.9348239898681641, -0.11497384309768677, 8.63278865814209), (0.0, 0.0, 0.0, 1.0))
((0.953460156917572, 0.040645431727170944, 0.29876700043678284, 1.7224470376968384), (0.07047545164823532, 0.9333841800689697, -0.35189104080200195, -0.963965117931366), (-0.2931671440601349, 0.3565698266029358, 0.8870801329612732, 7.6684980392456055), (0.0, 0.0, 0.0, 1.0))
((0.037947624921798706, 0.6944081783294678, 0.7185783386230469, 10.11003303527832), (0.9992785453796387, -0.026357203722000122, -0.027297645807266235, 6.0469560623168945), (-1.5109777450561523e-05, 0.7190966606140137, -0.6949070692062378, 6.794483184814453), (0.0, 0.0, 0.0, 1.0))
((0.2933785319328308, 0.8728235960006714, -0.3900143504142761, -4.588287353515625), (0.825661301612854, -0.43698233366012573, -0.3568420112133026, 7.219499588012695), (-0.4818875789642334, -0.21732869744300842, -0.8488584756851196, 9.223991394042969), (0.0, 0.0, 0.0, 1.0))
((0.07145422697067261, -0.9972243905067444, -0.020871659740805626, 3.9562082290649414), (0.9974390864372253, 0.07149481773376465, -0.0012064836919307709, 5.6336541175842285), (0.002695329487323761, -0.020732028409838676, 0.9997814297676086, 8.353937149047852), (0.0, 0.0, 0.0, 1.0))
((0.7222038507461548, -0.480656236410141, -0.497384250164032, -0.820120096206665), (-0.6916801929473877, -0.5018491744995117, -0.5193509459495544, -9.762779235839844), (1.7344951629638672e-05, 0.7191081643104553, -0.6948977708816528, 9.794431686401367), (0.0, 0.0, 0.0, 1.0))
((0.004920631647109985, 0.7180647253990173, -0.6959569454193115, -9.304738998413086), (-0.35847705602645874, 0.6509768962860107, 0.6691205501556396, -5.39906644821167), (0.9335240125656128, 0.24619337916374207, 0.2606137990951538, 5.628836154937744), (0.0, 0.0, 0.0, 1.0))
((-2.7165282517671585e-05, -0.09304016828536987, 0.9956690073013306, 5.0337042808532715), (-4.811584949493408e-05, 0.9956623911857605, 0.09304016828536987, 0.2526291310787201), (-1.0000066757202148, -4.599243402481079e-05, -3.153085708618164e-05, 1.570809245109558), (0.0, 0.0, 0.0, 1.0))
((0.9855992794036865, 0.00048423558473587036, -0.16909879446029663, 4.870577335357666), (0.16909942030906677, -0.0020601884461939335, 0.9856144189834595, -5.717382907867432), (0.0001318231225013733, -1.000015139579773, -0.0021126526407897472, 1.570540189743042), (0.0, 0.0, 0.0, 1.0))
((-0.9900567531585693, -5.161762237548828e-05, 0.14073258638381958, 4.437469959259033), (-0.14073258638381958, -2.6345252990722656e-05, -0.9900522232055664, -8.297324180603027), (5.418062210083008e-05, -1.000004529953003, 9.775161743164062e-06, 1.5708141326904297), (0.0, 0.0, 0.0, 1.0))
((-0.7878228425979614, -0.6159490346908569, 1.9174378394382074e-05, -5.481391906738281), (-0.6159490346908569, 0.7877904176712036, 4.711212022812106e-05, 3.0590362548828125), (-4.412365160533227e-05, 2.530438723624684e-05, -1.0000324249267578, 1.5708390474319458), (0.0, 0.0, 0.0, 1.0))
((-0.9999659061431885, -0.011463398113846779, -0.002916262950748205, -8.526217460632324), (-0.011463461443781853, 0.9999343156814575, 5.127127224113792e-06, 0.5851235389709473), (0.0029160124249756336, 3.8556638173758984e-05, -1.000031590461731, 1.5712114572525024), (0.0, 0.0, 0.0, 1.0))
((0.5023743510246277, 0.8602107763290405, 0.08748401701450348, -4.447112560272217), (0.7613755464553833, -0.48804545402526855, 0.42674005031585693, 1.138222575187683), (0.40978455543518066, -0.14777393639087677, -0.9001246094703674, 4.734970569610596), (0.0, 0.0, 0.0, 1.0))
((0.9253716468811035, 0.010460570454597473, -0.37891751527786255, -0.7088244557380676), (0.3273615837097168, 0.4819132089614868, 0.8127717971801758, -5.361379623413086), (0.1911081224679947, -0.8761587142944336, 0.4425242841243744, 3.5078012943267822), (0.0, 0.0, 0.0, 1.0))
((-0.0002428293228149414, -0.9477183818817139, 0.3191543221473694, 8.255687713623047), (0.9992305040359497, 0.012406647205352783, 0.0375991016626358, -1.8047223091125488), (-0.03959716856479645, 0.3189126253128052, 0.9469574093818665, 3.9528725147247314), (0.0, 0.0, 0.0, 1.0))
((0.7599553465843201, -0.649965763092041, -0.0040309252217411995, 3.0629897117614746), (0.6499607563018799, 0.7599657773971558, -0.002629422815516591, 4.060133457183838), (0.004772393964231014, -0.0006216731853783131, 0.9999883770942688, 4.571893215179443), (0.0, 0.0, 0.0, 1.0))
((0.939578652381897, -0.2065284103155136, -0.27301788330078125, -0.3836669325828552), (0.1753583699464798, -0.39458906650543213, 0.9019798636436462, -7.560468673706055), (-0.2940105199813843, -0.895357072353363, -0.3345317840576172, 6.501276969909668), (0.0, 0.0, 0.0, 1.0))
((-0.8014777302742004, 0.5959535837173462, -0.05314075946807861, 6.27179479598999), (-0.07376077771186829, -0.1866493821144104, -0.9797717332839966, -2.8573403358459473), (-0.5937541127204895, -0.781173825263977, 0.19334065914154053, 1.8747164011001587), (0.0, 0.0, 0.0, 1.0))
((-0.3444387912750244, 0.3662807047367096, 0.8644123673439026, -8.226503372192383), (0.15771159529685974, -0.8850958347320557, 0.4378858208656311, 4.963109016418457), (0.9254713654518127, 0.28715044260025024, 0.2470870167016983, 1.8748290538787842), (0.0, 0.0, 0.0, 1.0))
((0.021068179979920387, 0.7531368136405945, -0.657509446144104, -8.098273277282715), (0.7903023362159729, 0.39027276635169983, 0.4723297655582428, 8.35776424407959), (0.6123363971710205, -0.5295830368995667, -0.5869833827018738, 1.874779462814331), (0.0, 0.0, 0.0, 1.0))
((0.011500418186187744, -0.09739643335342407, 0.9951421022415161, -5.05842924118042), (-0.8255077600479126, -0.5624465346336365, -0.045542359352111816, 8.167062759399414), (0.5642081499099731, -0.8210061192512512, -0.08681514859199524, 1.8747854232788086), (0.0, 0.0, 0.0, 1.0))
((-0.2269972562789917, -0.4607187509536743, 0.8580648303031921, -1.5566916465759277), (-0.7446227073669434, 0.6499557495117188, 0.15202967822551727, -8.1390380859375), (-0.6277531981468201, -0.6044122576713562, -0.49060213565826416, 1.8749711513519287), (0.0, 0.0, 0.0, 1.0))