mayak2_Minasunda.txt
((1.0, 0.0, 0.0, -119.1019287109375), (0.0, 1.0, 0.0, -72.85294342041016), (0.0, 0.0, 1.0, -155.5342559814453), (0.0, 0.0, 0.0, 1.0))
((1.0, 0.0, 0.0, -102.0750732421875), (0.0, 1.0, 0.0, -72.85294342041016), (0.0, 0.0, 1.0, -155.5342559814453), (0.0, 0.0, 0.0, 1.0))
((1.0, 0.0, 0.0, -84.83565521240234), (0.0, 1.0, 0.0, -72.85295104980469), (0.0, 0.0, 1.0, -155.5342559814453), (0.0, 0.0, 0.0, 1.0))
((1.0, 0.0, 0.0, -67.38400268554688), (0.0, 1.0, 0.0, -72.85295104980469), (0.0, 0.0, 1.0, -155.5342559814453), (0.0, 0.0, 0.0, 1.0))
((1.0, 0.0, 0.0, -50.06255340576172), (0.0, 1.0, 0.0, -72.85295104980469), (0.0, 0.0, 1.0, -155.53427124023438), (0.0, 0.0, 0.0, 1.0))
((1.0, 0.0003118043241556734, 2.782431874948088e-05, -119.24017333984375), (-0.00031223465339280665, 0.9998536705970764, 0.017104659229516983, -82.40284729003906), (-2.248693817819003e-05, -0.01710466668009758, 0.9998537302017212, -155.4364776611328), (0.0, 0.0, 0.0, 1.0))
((1.0, -0.0005045987782068551, 0.0, -102.1943359375), (0.0005045987782068551, 0.9998539686203003, 0.017082175239920616, -82.40286254882812), (0.0, -0.017082175239920616, 0.9998540878295898, -155.43649291992188), (0.0, 0.0, 0.0, 1.0))
((1.0, 2.968093758681789e-05, 1.8217902834294364e-05, -84.58140563964844), (-2.9988319511176087e-05, 0.9998536109924316, 0.01711108535528183, -82.40293884277344), (-1.770736344042234e-05, -0.01711108535528183, 0.9998536109924316, -155.4364776611328), (0.0, 0.0, 0.0, 1.0))
((1.0, 0.00017096778901759535, 4.8488953325431794e-05, -67.22847747802734), (-0.00017177149129565805, 0.9998539686203003, 0.017089776694774628, -82.40251159667969), (-4.5560067519545555e-05, -0.017089786008000374, 0.9998539686203003, -155.43649291992188), (0.0, 0.0, 0.0, 1.0))
((1.0, -0.0010203145211562514, -2.7569314624997787e-05, -50.081905364990234), (0.0010206368751823902, 0.9998530745506287, 0.017109990119934082, -82.40253448486328), (1.010769574349979e-05, -0.017110008746385574, 0.9998536109924316, -155.4364776611328), (0.0, 0.0, 0.0, 1.0))
((1.0, 0.0, 0.0, -119.26049041748047), (0.0, 1.0, 0.0, -64.60810852050781), (0.0, 0.0, 1.0, -156.77684020996094), (0.0, 0.0, 0.0, 1.0))
((1.0, 0.0, 0.0, -101.98451232910156), (0.0, 1.0, 0.0, -64.60810852050781), (0.0, 0.0, 1.0, -156.77687072753906), (0.0, 0.0, 0.0, 1.0))
((1.0, 0.0, 0.0, -84.85054016113281), (0.0, 1.0, 0.0, -64.60810852050781), (0.0, 0.0, 1.0, -156.77684020996094), (0.0, 0.0, 0.0, 1.0))
((1.0, 0.0, 0.0, -67.50416564941406), (0.0, 1.0, 0.0, -64.60810852050781), (0.0, 0.0, 1.0, -156.7768096923828), (0.0, 0.0, 0.0, 1.0))
((1.0, 0.0, 0.0, -50.0667839050293), (0.0, 1.0, 0.0, -64.60810852050781), (0.0, 0.0, 1.0, -156.77679443359375), (0.0, 0.0, 0.0, 1.0))
((1.0, 0.0, 0.0, -119.26530456542969), (0.0, 1.0, 0.0, -58.01145935058594), (0.0, 0.0, 1.0, -156.77688598632812), (0.0, 0.0, 0.0, 1.0))
((1.0, 0.0, 0.0, -102.04205322265625), (0.0, 1.0, 0.0, -58.01145935058594), (0.0, 0.0, 1.0, -156.77688598632812), (0.0, 0.0, 0.0, 1.0))
((1.0, 0.0, 0.0, -85.0096435546875), (0.0, 1.0, 0.0, -58.01146697998047), (0.0, 0.0, 1.0, -156.77685546875), (0.0, 0.0, 0.0, 1.0))
((1.0, 0.0, 0.0, -67.6668701171875), (0.0, 1.0, 0.0, -58.01145935058594), (0.0, 0.0, 1.0, -156.7768096923828), (0.0, 0.0, 0.0, 1.0))
((1.0, 0.0, 0.0, -50.147830963134766), (0.0, 1.0, 0.0, -58.01145935058594), (0.0, 0.0, 1.0, -156.77679443359375), (0.0, 0.0, 0.0, 1.0))
((1.0, 0.0, 0.0, -119.10736083984375), (0.0, 1.0, 0.0, -89.84278869628906), (0.0, 0.0, 1.0, -156.47296142578125), (0.0, 0.0, 0.0, 1.0))
((1.0, 0.0, 0.0, -102.4154052734375), (0.0, 1.0, 0.0, -89.84278869628906), (0.0, 0.0, 1.0, -156.47296142578125), (0.0, 0.0, 0.0, 1.0))
((1.0, 0.0, 0.0, -84.57070922851562), (0.0, 1.0, 0.0, -89.84278869628906), (0.0, 0.0, 1.0, -156.47296142578125), (0.0, 0.0, 0.0, 1.0))
((1.0, 0.0, 0.0, -67.22300720214844), (0.0, 1.0, 0.0, -89.84278869628906), (0.0, 0.0, 1.0, -156.47296142578125), (0.0, 0.0, 0.0, 1.0))
((1.0, 0.0, 0.0, -50.07801818847656), (0.0, 1.0, 0.0, -89.84278869628906), (0.0, 0.0, 1.0, -156.47296142578125), (0.0, 0.0, 0.0, 1.0))