nulpdance4_Minasunda.txt
((1.0, -6.705492978653638e-06, -1.1367110346327536e-05, 12.212613105773926), (6.7105124799127225e-06, 0.9999998807907104, 0.00044162775157019496, -7.2171854972839355), (1.1364148122083861e-05, -0.00044162783888168633, 0.9999998807907104, 11.814225196838379), (0.0, 0.0, 0.0, 1.0))
((0.9997384548187256, 0.022868705913424492, -2.5970723527279915e-07, -12.221722602844238), (-0.022868705913424492, 0.9997384548187256, -4.7384006052197947e-07, -7.106750011444092), (2.488032748715341e-07, 4.796552843799873e-07, 1.0, 11.813420295715332), (0.0, 0.0, 0.0, 1.0))
((2.296149432368111e-05, -4.374684067443013e-05, 1.0000790357589722, 7.342722415924072), (4.780197855325241e-07, 1.0, 4.374678974272683e-05, 12.282909393310547), (-1.0000790357589722, 4.7355800347759214e-07, 2.2961514332564548e-05, 2.8136489391326904), (0.0, 0.0, 0.0, 1.0))
((0.9999998807907104, -0.00045168076758272946, 2.5266868760809302e-05, -7.2856340408325195), (0.0004516812914516777, 0.9999998807907104, -2.0572544599417597e-05, 12.288372993469238), (-2.5257575543946587e-05, 2.0583953300956637e-05, 1.0, 2.813396692276001), (0.0, 0.0, 0.0, 1.0))
((0.9976760149002075, 0.06813675165176392, 1.2632418702196446e-06, -0.07105322927236557), (-0.06813675165176392, 0.9976760149002075, -1.8011910469795112e-06, -13.293967247009277), (-1.3830333500663983e-06, 1.710931883280864e-06, 1.0, 23.81344985961914), (0.0, 0.0, 0.0, 1.0))
((-0.9999801516532898, 0.0008165204199030995, -4.733063178719021e-06, 5.775674343109131), (-0.0008163181482814252, -0.9998321533203125, -0.017203478142619133, -7.098461151123047), (-1.8779488527798094e-05, -0.017203468829393387, 0.9998520016670227, 14.911118507385254), (0.0, 0.0, 0.0, 1.0))
((-0.9999304413795471, 0.013962412253022194, 0.0002566037292126566, -5.754594802856445), (-0.013964759185910225, -0.9997842311859131, -0.017097309231758118, -6.602052211761475), (1.7824830138124526e-05, -0.017099225893616676, 0.999853789806366, 14.911245346069336), (0.0, 0.0, 0.0, 1.0))
((-1.0000377893447876, 9.536716970615089e-05, 9.893919923342764e-05, 0.06922252476215363), (0.00013741845032200217, 0.6949136257171631, 0.7191012501716614, 13.226083755493164), (-1.774152025291187e-07, 0.7191012501716614, -0.6949514150619507, 3.794537305831909), (0.0, 0.0, 0.0, 1.0))
((1.0, -0.0002338611229788512, 2.800493803079007e-06, -67.2294921875), (0.00023377934121526778, 0.9998545050621033, 0.017056046053767204, -82.40451049804688), (-6.7888322519138455e-06, -0.017056046053767204, 0.999854564666748, -155.43650817871094), (0.0, 0.0, 0.0, 1.0))
((0.9999992847442627, -0.001206708257086575, -2.2819913283456117e-05, -50.08123779296875), (0.0012069219956174493, 0.9998533725738525, 0.01708122529089451, -82.40462493896484), (2.204507836722769e-06, -0.017081240192055702, 0.9998540878295898, -155.43649291992188), (0.0, 0.0, 0.0, 1.0))
((-0.022697726264595985, -2.2909967810846865e-05, 0.9997460842132568, -8.495516777038574), (-0.9997460842132568, -1.3300516911840532e-05, -0.022694092243909836, 4.569068431854248), (1.0182267033087555e-05, -1.0000035762786865, -2.6320412871427834e-05, 7.570806503295898), (0.0, 0.0, 0.0, 1.0))
((0.999309241771698, 0.03714926540851593, -0.0010204626014456153, 8.512166023254395), (-0.03714717552065849, 0.9993078112602234, 0.0019942589569836855, 4.580816745758057), (0.0010938409250229597, -0.0019549743738025427, 0.9999974966049194, 7.570813179016113), (0.0, 0.0, 0.0, 1.0))
((1.0, -9.568043424224015e-07, 4.224089877880033e-07, -84.85054016113281), (9.568036603013752e-07, 1.0, 1.6137629472723347e-06, -64.60810852050781), (-4.2241052256031253e-07, -1.6137624925249838e-06, 1.0, -156.77691650390625), (0.0, 0.0, 0.0, 1.0))
((1.0, -9.568043424224015e-07, 4.224089877880033e-07, -67.50416564941406), (9.568036603013752e-07, 1.0, 1.6137629472723347e-06, -64.60810852050781), (-4.2241052256031253e-07, -1.6137624925249838e-06, 1.0, -156.77691650390625), (0.0, 0.0, 0.0, 1.0))
((1.0, -9.505533284936973e-07, 4.2639035768843314e-07, -50.0667839050293), (9.50552646372671e-07, 1.0, 1.5879888906056294e-06, -64.60810852050781), (-4.263918924607424e-07, -1.5879884358582785e-06, 1.0, -156.77691650390625), (0.0, 0.0, 0.0, 1.0))
((1.0, 1.476689259760633e-08, 5.799342375212291e-07, -119.26530456542969), (-1.4766405875832334e-08, 1.0, -8.393362804781646e-07, -58.0114631652832), (-5.799342375212291e-07, 8.393362804781646e-07, 1.0, -156.77691650390625), (0.0, 0.0, 0.0, 1.0))
((1.0, 2.636888207785404e-10, -5.5060542791807165e-09, -102.04205322265625), (-2.6368876526738916e-10, 1.0, 6.107839567448536e-09, -58.01145935058594), (5.5060542791807165e-09, -6.107839567448536e-09, 1.0, -156.77691650390625), (0.0, 0.0, 0.0, 1.0))
((1.0, 1.4765012323891824e-08, 5.799560085506528e-07, -85.0096435546875), (-1.4764525602117828e-08, 1.0, -8.397478268307168e-07, -58.0114631652832), (-5.799560085506528e-07, 8.397478268307168e-07, 1.0, -156.77691650390625), (0.0, 0.0, 0.0, 1.0))
((1.0, -6.264299079461466e-10, 9.587307658875943e-08, -67.6668701171875), (6.264385676857387e-10, 1.0, -9.026879155271672e-08, -58.01145935058594), (-9.587307658875943e-08, 9.026879155271672e-08, 1.0, -156.77691650390625), (0.0, 0.0, 0.0, 1.0))
((1.0, 2.0625854357803064e-09, -1.3662595677033096e-07, -50.147830963134766), (-2.0625756658176897e-09, 1.0, 7.155387038437766e-08, -58.01145935058594), (1.3662595677033096e-07, -7.155387038437766e-08, 1.0, -156.77691650390625), (0.0, 0.0, 0.0, 1.0))
((0.3220791220664978, 0.5551286339759827, 0.766800582408905, 12.200488090515137), (0.6868569254875183, -0.6942853927612305, 0.214266836643219, 244.7581024169922), (0.6514434218406677, 0.45772796869277954, -0.6048442125320435, -156.47288513183594), (0.0, 0.0, 0.0, 1.0))
((-0.21638770401477814, -0.9754306077957153, -0.04206249490380287, -59.735191345214844), (-0.05632892623543739, -0.03056362271308899, 0.9979689121246338, 235.0911865234375), (-0.9747108221054077, 0.2182886153459549, -0.04835985600948334, -156.47288513183594), (0.0, 0.0, 0.0, 1.0))
((0.21552418172359467, -0.9637324810028076, -0.15745201706886292, -245.90525817871094), (-0.965831995010376, -0.2341858297586441, 0.11117729544639587, -29.569595336914062), (-0.14401394128799438, 0.12810741364955902, -0.9812769293785095, -156.47286987304688), (0.0, 0.0, 0.0, 1.0))
((0.5999425649642944, -0.6619427800178528, 0.4493023455142975, 43.1226806640625), (0.01550024189054966, 0.5711368918418884, 0.8206900954246521, -183.2357177734375), (-0.7998753786087036, -0.485390841960907, 0.35291600227355957, -156.47288513183594), (0.0, 0.0, 0.0, 1.0))
((1.0, 0.0, 0.0, 0.027892112731933594), (0.0, 1.0, 0.0, 0.09860184788703918), (0.0, 0.0, 1.0, 13.874820709228516), (0.0, 0.0, 0.0, 1.0))