nulpdance3_Minasunda.txt
((1.0, -6.705492978653638e-06, -1.1367110346327536e-05, 12.212613105773926), (6.7105124799127225e-06, 0.9999998807907104, 0.00044162775157019496, -7.2171854972839355), (1.1364148122083861e-05, -0.00044162783888168633, 0.9999998807907104, 11.814225196838379), (0.0, 0.0, 0.0, 1.0))
((0.9997245669364929, 0.023467808961868286, 1.73692824319005e-05, -12.2201566696167), (-0.023467808961868286, 0.9997245669364929, 1.2209774467919488e-05, -7.103626728057861), (-1.7077964002965018e-05, -1.261402758245822e-05, 1.0, 11.813399314880371), (0.0, 0.0, 0.0, 1.0))
((-1.3392359505814966e-05, -0.017470793798565865, 0.9999445080757141, 6.429498672485352), (1.088111844183004e-06, 0.999847412109375, 0.017470793798565865, 12.443818092346191), (-1.0000970363616943, -3.742421199603996e-07, -1.338612401013961e-05, 2.8136558532714844), (0.0, 0.0, 0.0, 1.0))
((0.9984728693962097, 0.05524938926100731, -2.287770803377498e-05, -6.5917253494262695), (-0.05524938926100731, 0.9984728693962097, -1.0434034265927039e-05, 12.428156852722168), (2.2266420273808762e-05, 1.1681828254950233e-05, 1.0, 2.813403367996216), (0.0, 0.0, 0.0, 1.0))
((0.9976760149002075, 0.06813668459653854, 1.3450404594550491e-06, -0.07105309516191483), (-0.06813668459653854, 0.9976760149002075, -2.051702949756873e-06, -13.293974876403809), (-1.4817107967246557e-06, 1.9552883259166265e-06, 1.0, 20.81340217590332), (0.0, 0.0, 0.0, 1.0))
((-0.9999805688858032, 0.0008058599196374416, 1.0878419743676204e-05, 5.775996685028076), (-0.0008059281390160322, -0.9998345375061035, -0.017089098691940308, -7.098370552062988), (-2.894722911150893e-06, -0.017089100554585457, 0.9998539686203003, 14.911164283752441), (0.0, 0.0, 0.0, 1.0))
((-0.9999304413795471, 0.013962412253022194, 0.0002566037292126566, -5.754594802856445), (-0.013964759185910225, -0.9997842311859131, -0.017097309231758118, -6.602052211761475), (1.7824830138124526e-05, -0.017099225893616676, 0.999853789806366, 14.911245346069336), (0.0, 0.0, 0.0, 1.0))
((0.6153969168663025, 0.5477577447891235, 0.566787600517273, -38.311466217041016), (0.7882174253463745, -0.42765843868255615, -0.4425176978111267, 46.50819396972656), (-1.0531966836424544e-06, 0.7190758585929871, -0.6949319243431091, 0.3927847743034363), (0.0, 0.0, 0.0, 1.0))
((1.0, -0.0002338611229788512, 2.800493803079007e-06, -67.2294921875), (0.00023377934121526778, 0.9998545050621033, 0.017056046053767204, -82.40451049804688), (-6.7888322519138455e-06, -0.017056046053767204, 0.999854564666748, -155.43650817871094), (0.0, 0.0, 0.0, 1.0))
((0.9999992847442627, -0.001206708257086575, -2.2819913283456117e-05, -50.08123779296875), (0.0012069219956174493, 0.9998533725738525, 0.01708122529089451, -82.40462493896484), (2.204507836722769e-06, -0.017081240192055702, 0.9998540878295898, -155.43649291992188), (0.0, 0.0, 0.0, 1.0))
((1.8105013168678852e-06, -0.03714269399642944, 0.9993101358413696, -13.573776245117188), (-1.9024091670871712e-06, 0.9993099570274353, 0.03714269399642944, 11.216724395751953), (-1.0000001192092896, -1.974432279894245e-06, 1.7384783177476493e-06, 7.570801258087158), (0.0, 0.0, 0.0, 1.0))
((6.529952952405438e-05, 0.0008120088023133576, 0.9999616146087646, 11.922738075256348), (-4.903541412204504e-05, -0.999923586845398, 0.0008120101410895586, 11.041297912597656), (0.9999619722366333, -4.9057525757234544e-05, 1.0846844816114753e-05, 7.570806980133057), (0.0, 0.0, 0.0, 1.0))
((-0.9980067014694214, 0.000259890453889966, 0.0614079013466835, -4.488870143890381), (0.0614079125225544, 7.498708146158606e-05, 0.9980596899986267, 4.687248706817627), (0.0002580467553343624, 0.9999470114707947, 1.49998832057463e-05, 7.570736408233643), (0.0, 0.0, 0.0, 1.0))
((0.9998993873596191, -0.014027371071279049, -0.0021178042516112328, 4.4805216789245605), (-0.014032917097210884, -0.9998999238014221, -0.0026269354857504368, 4.55033016204834), (-0.0020807392429560423, 0.002656389959156513, -0.9999961256980896, 7.5709991455078125), (0.0, 0.0, 0.0, 1.0))
((1.0, -9.505533284936973e-07, 4.2639035768843314e-07, -50.0667839050293), (9.50552646372671e-07, 1.0, 1.5879888906056294e-06, -64.60810852050781), (-4.263918924607424e-07, -1.5879884358582785e-06, 1.0, -156.77691650390625), (0.0, 0.0, 0.0, 1.0))
((1.0, 1.476689259760633e-08, 5.799342375212291e-07, -119.26530456542969), (-1.4766405875832334e-08, 1.0, -8.393362804781646e-07, -58.0114631652832), (-5.799342375212291e-07, 8.393362804781646e-07, 1.0, -156.77691650390625), (0.0, 0.0, 0.0, 1.0))
((1.0, 2.636888207785404e-10, -5.5060542791807165e-09, -102.04205322265625), (-2.6368876526738916e-10, 1.0, 6.107839567448536e-09, -58.01145935058594), (5.5060542791807165e-09, -6.107839567448536e-09, 1.0, -156.77691650390625), (0.0, 0.0, 0.0, 1.0))
((1.0, 1.4765012323891824e-08, 5.799560085506528e-07, -85.0096435546875), (-1.4764525602117828e-08, 1.0, -8.397478268307168e-07, -58.0114631652832), (-5.799560085506528e-07, 8.397478268307168e-07, 1.0, -156.77691650390625), (0.0, 0.0, 0.0, 1.0))
((1.0, -6.264299079461466e-10, 9.587307658875943e-08, -67.6668701171875), (6.264385676857387e-10, 1.0, -9.026879155271672e-08, -58.01145935058594), (-9.587307658875943e-08, 9.026879155271672e-08, 1.0, -156.77691650390625), (0.0, 0.0, 0.0, 1.0))
((1.0, 2.0625854357803064e-09, -1.3662595677033096e-07, -50.147830963134766), (-2.0625756658176897e-09, 1.0, 7.155387038437766e-08, -58.01145935058594), (1.3662595677033096e-07, -7.155387038437766e-08, 1.0, -156.77691650390625), (0.0, 0.0, 0.0, 1.0))
((1.0, 0.0, 0.0, 0.027892112731933594), (0.0, 1.0, 0.0, 0.09860184788703918), (0.0, 0.0, 1.0, 13.874770164489746), (0.0, 0.0, 0.0, 1.0))
((-0.21638770401477814, -0.9754306077957153, -0.04206249490380287, -59.735191345214844), (-0.05632892623543739, -0.03056362271308899, 0.9979689121246338, 235.0911865234375), (-0.9747108221054077, 0.2182886153459549, -0.04835985600948334, -156.47288513183594), (0.0, 0.0, 0.0, 1.0))
((0.21552418172359467, -0.9637324810028076, -0.15745201706886292, -245.90525817871094), (-0.965831995010376, -0.2341858297586441, 0.11117729544639587, -29.569595336914062), (-0.14401394128799438, 0.12810741364955902, -0.9812769293785095, -156.47286987304688), (0.0, 0.0, 0.0, 1.0))
((0.5999425649642944, -0.6619427800178528, 0.4493023455142975, 43.1226806640625), (0.01550024189054966, 0.5711368918418884, 0.8206900954246521, -183.2357177734375), (-0.7998753786087036, -0.485390841960907, 0.35291600227355957, -156.47288513183594), (0.0, 0.0, 0.0, 1.0))
((-0.9176282286643982, 0.36503297090530396, -0.1569368541240692, 17.77635383605957), (0.3753347098827362, 0.6667611598968506, -0.6438474655151367, -19.614362716674805), (-0.1303921490907669, -0.6497434973716736, -0.7488378882408142, 1.473116159439087), (0.0, 0.0, 0.0, 1.0))