sbstart_Minasunda.txt
((1.0, -3.5741294368563103e-07, 1.367026385423742e-07, -119.1019287109375), (3.574127163119556e-07, 1.0, 1.7998582961809007e-06, -72.85295104980469), (-1.367032922416911e-07, -1.7998582961809007e-06, 1.0, -155.5343017578125), (0.0, 0.0, 0.0, 1.0))
((1.0, -3.5741294368563103e-07, 1.367026385423742e-07, -102.0750732421875), (3.574127163119556e-07, 1.0, 1.7998582961809007e-06, -72.85295104980469), (-1.367032922416911e-07, -1.7998582961809007e-06, 1.0, -155.5343017578125), (0.0, 0.0, 0.0, 1.0))
((1.0, 1.1989428116976342e-07, -9.053565008798614e-07, -84.83566284179688), (-1.1989311587967677e-07, 1.0, 1.2820122492485098e-06, -72.85295104980469), (9.053566145666991e-07, -1.2820122492485098e-06, 1.0, -155.5343017578125), (0.0, 0.0, 0.0, 1.0))
((1.0, -3.5741294368563103e-07, 1.367026385423742e-07, -67.38400268554688), (3.574127163119556e-07, 1.0, 1.7998582961809007e-06, -72.85295104980469), (-1.367032922416911e-07, -1.7998582961809007e-06, 1.0, -155.5343017578125), (0.0, 0.0, 0.0, 1.0))
((1.0, 2.2153854217776825e-07, 4.844802674597304e-07, -50.06255340576172), (-2.2153930956392287e-07, 1.0, 1.610123376849515e-06, -72.85295104980469), (-4.844799263992172e-07, -1.610123376849515e-06, 1.0, -155.5343017578125), (0.0, 0.0, 0.0, 1.0))
((-0.027848346158862114, -0.9994664192199707, -0.017069073393940926, 12.967267990112305), (0.9996121525764465, -0.027844317257404327, -0.0004736133269034326, 13.78868579864502), (-1.9160650026606163e-06, -0.017075641080737114, 0.9998542070388794, 14.911222457885742), (0.0, 0.0, 0.0, 1.0))
((0.0847616121172905, 0.9962518811225891, 0.017013665288686752, -12.440106391906738), (-0.9963971376419067, 0.08474927395582199, 0.0014461077516898513, 13.560754776000977), (-1.1316923291815328e-06, -0.017075013369321823, 0.9998542070388794, 14.911276817321777), (0.0, 0.0, 0.0, 1.0))
((0.9999998807907104, 0.00044753754627890885, -1.6733660231693648e-05, -84.58055877685547), (-0.0004471859720069915, 0.9998536705970764, 0.01709996722638607, -82.40482330322266), (2.4384089556406252e-05, -0.017099957913160324, 0.999853789806366, -155.4364776611328), (0.0, 0.0, 0.0, 1.0))
((1.0, -0.000231038749916479, -1.3240051885077264e-05, -67.22953033447266), (0.00023123108258005232, 0.9998542666435242, 0.017069349065423012, -82.40446472167969), (9.294441952079069e-06, -0.01706935092806816, 0.999854326248169, -155.43650817871094), (0.0, 0.0, 0.0, 1.0))
((0.9999992847442627, -0.0012018387205898762, -2.9123155400156975e-05, -50.081268310546875), (0.001202161074616015, 0.9998528957366943, 0.017109056934714317, -82.4045639038086), (8.55654252518434e-06, -0.017109079286456108, 0.9998536109924316, -155.4364776611328), (0.0, 0.0, 0.0, 1.0))
((0.0046038199216127396, 0.9999894499778748, -0.0010530564468353987, 4.466716289520264), (-0.999989926815033, 0.0046043251641094685, 0.00047774423728697, 15.884486198425293), (0.00048258816241286695, 0.0010508453706279397, 0.9999993443489075, 19.57082176208496), (0.0, 0.0, 0.0, 1.0))
((-0.9999915957450867, 0.003357635112479329, -0.0011592755327001214, -8.573877334594727), (-0.003358288900926709, -0.9999920725822449, 0.0005623606848530471, 15.851242065429688), (-0.0011573806405067444, 0.0005662503535859287, 0.9999991655349731, 19.570589065551758), (0.0, 0.0, 0.0, 1.0))
((0.012368906289339066, -0.9999257326126099, -8.283673480491416e-08, 8.567387580871582), (0.9999257326126099, 0.012368906289339066, -1.0323672540835105e-05, 15.856552124023438), (1.0323907190468162e-05, 4.488493132726035e-08, 1.0, 19.570777893066406), (0.0, 0.0, 0.0, 1.0))
((0.999664306640625, -0.0019521695794537663, 0.025835910812020302, -4.448428153991699), (-0.025834934785962105, 0.0005264956271275878, 0.9996628761291504, 15.842202186584473), (-0.0019650368485599756, -0.9999947547912598, 0.0004758856084663421, 19.56985092163086), (0.0, 0.0, 0.0, 1.0))
((1.0, -1.930895052737469e-07, 5.278849926071416e-07, -50.0667839050293), (1.9308859577904514e-07, 1.0, 1.7001443666231353e-06, -64.60810852050781), (-5.278853336676548e-07, -1.7001443666231353e-06, 1.0, -156.77687072753906), (0.0, 0.0, 0.0, 1.0))
((0.9999972581863403, -4.1025126847671345e-05, -0.002337800804525614, -0.2924865782260895), (0.0023377856705337763, -0.0003709586744662374, 1.0000011920928955, 15.880623817443848), (-4.1882933146553114e-05, -1.0000039339065552, -0.0003708617587108165, 22.003759384155273), (0.0, 0.0, 0.0, 1.0))
((1.0, 2.1260873617201526e-10, -4.698923916635067e-09, -102.04205322265625), (-2.1260870841643964e-10, 1.0, 5.12675235597726e-09, -58.01145935058594), (4.698923916635067e-09, -5.12675235597726e-09, 1.0, -156.77687072753906), (0.0, 0.0, 0.0, 1.0))
((1.0, 2.789582431717008e-08, -2.40586871314008e-07, -85.0096435546875), (-2.7896872367705328e-08, 1.0, -4.358342721388908e-06, -58.01146697998047), (2.405867576271703e-07, 4.358342721388908e-06, 1.0, -156.77687072753906), (0.0, 0.0, 0.0, 1.0))
((1.0, -4.573240119931654e-10, 7.650764644040464e-08, -67.6668701171875), (4.573293410636836e-10, 1.0, -6.937744245760769e-08, -58.01145935058594), (-7.650764644040464e-08, 6.937744245760769e-08, 1.0, -156.77687072753906), (0.0, 0.0, 0.0, 1.0))
((1.0, 1.5926872043436902e-09, -1.0938278904859544e-07, -50.147830963134766), (-1.5926812091393572e-09, 1.0, 5.491036958460427e-08, -58.01145935058594), (1.0938278904859544e-07, -5.491036958460427e-08, 1.0, -156.77687072753906), (0.0, 0.0, 0.0, 1.0))
((1.0, 0.0, 0.0, -119.10736083984375), (0.0, 1.0, 0.0, -89.84278869628906), (0.0, 0.0, 1.0, -156.472900390625), (0.0, 0.0, 0.0, 1.0))
((1.0, 0.0, 0.0, -102.4154052734375), (0.0, 1.0, 0.0, -89.84278869628906), (0.0, 0.0, 1.0, -156.472900390625), (0.0, 0.0, 0.0, 1.0))
((1.0, 0.0, 0.0, -84.57070922851562), (0.0, 1.0, 0.0, -89.84278869628906), (0.0, 0.0, 1.0, -156.472900390625), (0.0, 0.0, 0.0, 1.0))
((1.0, 0.0, 0.0, -67.22300720214844), (0.0, 1.0, 0.0, -89.84278869628906), (0.0, 0.0, 1.0, -156.472900390625), (0.0, 0.0, 0.0, 1.0))
((1.0, 0.0, 0.0, -50.07801818847656), (0.0, 1.0, 0.0, -89.84278869628906), (0.0, 0.0, 1.0, -156.472900390625), (0.0, 0.0, 0.0, 1.0))