sbtitel4_Minasunda.txt
((1.0, 5.253173753771989e-07, 2.436245836179296e-07, -119.1019287109375), (-5.253170343166857e-07, 1.0, -1.3158058891349356e-06, -72.85295104980469), (-2.4362526573895593e-07, 1.3158056617612601e-06, 1.0, -155.5343017578125), (0.0, 0.0, 0.0, 1.0))
((1.0, 5.7421868149276634e-08, 4.3726967646762205e-07, -102.0750732421875), (-5.7421335242224814e-08, 1.0, -1.2266660860404954e-06, -72.85295867919922), (-4.372697333110409e-07, 1.2266660860404954e-06, 1.0, -155.5343017578125), (0.0, 0.0, 0.0, 1.0))
((1.0, 4.2580862213981163e-07, -9.244669172403519e-07, -84.83566284179688), (-4.2580799686220416e-07, 1.0, 6.77784498748224e-07, -72.85295104980469), (9.244672583008651e-07, -6.777841576877108e-07, 1.0, -155.5343017578125), (0.0, 0.0, 0.0, 1.0))
((1.0, 5.7421868149276634e-08, 4.3726967646762205e-07, -67.38400268554688), (-5.7421335242224814e-08, 1.0, -1.2266660860404954e-06, -72.85295867919922), (-4.372697333110409e-07, 1.2266660860404954e-06, 1.0, -155.5343017578125), (0.0, 0.0, 0.0, 1.0))
((1.0, -5.138947472005384e-07, 3.257469316508832e-08, -50.06255340576172), (5.138948608873761e-07, 1.0, -1.7782414261091617e-06, -72.85295104980469), (-3.257377656495919e-08, 1.7782414261091617e-06, 1.0, -155.5343017578125), (0.0, 0.0, 0.0, 1.0))
((-0.0006423005252145231, 0.9998533725738525, 0.017094867303967476, 14.466153144836426), (-0.9999995231628418, -0.0006425603060051799, 9.701383532956243e-06, -6.786380767822266), (2.068932917609345e-05, -0.01709485612809658, 0.9998538494110107, 2.9112329483032227), (0.0, 0.0, 0.0, 1.0))
((-4.127696593059227e-05, -0.9998522996902466, -0.017076928168535233, -14.410224914550781), (0.9999980926513672, -4.142505713389255e-05, 8.302149581140839e-06, -7.154982566833496), (-9.040629265655298e-06, -0.017076926305890083, 0.9998542070388794, 2.9112186431884766), (0.0, 0.0, 0.0, 1.0))
((0.9999998807907104, 0.00044914352474734187, -1.0213665518676862e-05, -84.58053588867188), (-0.00044890353456139565, 0.9998540282249451, 0.017080729827284813, -82.40486907958984), (1.788387271517422e-05, -0.017080724239349365, 0.9998540878295898, -155.43650817871094), (0.0, 0.0, 0.0, 1.0))
((1.0, -0.00023470121959690005, 2.1089832443976775e-05, -67.22944641113281), (0.00023430712462868541, 0.999854326248169, 0.017065400257706642, -82.40449523925781), (-2.5092029318329878e-05, -0.017065394669771194, 0.9998543858528137, -155.43650817871094), (0.0, 0.0, 0.0, 1.0))
((0.9999992847442627, -0.0012051600497215986, -2.5153105525532737e-05, -50.08125305175781), (0.0012054139515385032, 0.9998531341552734, 0.017095224931836128, -82.40459442138672), (4.5469273572962265e-06, -0.01709524355828762, 0.9998538494110107, -155.43649291992188), (0.0, 0.0, 0.0, 1.0))
((0.9999991655349731, -0.0012813860084861517, 8.869945304468274e-06, -8.442944526672363), (0.0012813858920708299, 0.9999991655349731, 1.1878560144396033e-05, -15.680960655212402), (-8.88515842234483e-06, -1.1867184184666257e-05, 1.0, 1.5708056688308716), (0.0, 0.0, 0.0, 1.0))
((0.9999926686286926, -0.0038278894498944283, 3.259422373957932e-05, -4.415912628173828), (0.0038278906140476465, 0.9999926686286926, -3.8791029510321096e-05, -15.672831535339355), (-3.2445499527966604e-05, 3.891551386914216e-05, 1.0, 1.5707571506500244), (0.0, 0.0, 0.0, 1.0))
((-0.002167318481951952, 0.9999964237213135, 2.0114248400204815e-05, 8.57926082611084), (-0.9999964237213135, -0.0021673182491213083, -1.0784980986500159e-05, -15.677925109863281), (-1.0741337064246181e-05, -2.0137589672231115e-05, 1.0, 1.5707942247390747), (0.0, 0.0, 0.0, 1.0))
((-0.007437150925397873, 0.9999726414680481, 1.434877503925236e-05, 4.4740729331970215), (-0.9999726414680481, -0.00743715139105916, 2.694264185265638e-05, -15.664563179016113), (2.704860526137054e-05, -1.4148010450298898e-05, 1.0, 1.570796251296997), (0.0, 0.0, 0.0, 1.0))
((1.0, -1.930895052737469e-07, 5.278849926071416e-07, -50.0667839050293), (1.9308859577904514e-07, 1.0, 1.7001443666231353e-06, -64.60810852050781), (-5.278853336676548e-07, -1.7001443666231353e-06, 1.0, -156.77687072753906), (0.0, 0.0, 0.0, 1.0))
((1.0, 2.789718855922274e-08, -2.4060875603026943e-07, -119.26530456542969), (-2.7898236609757987e-08, 1.0, -4.357951638667146e-06, -58.01146697998047), (2.406086423434317e-07, 4.357951638667146e-06, 1.0, -156.77687072753906), (0.0, 0.0, 0.0, 1.0))
((1.0, 2.1260873617201526e-10, -4.698923916635067e-09, -102.04205322265625), (-2.1260870841643964e-10, 1.0, 5.12675235597726e-09, -58.01145935058594), (4.698923916635067e-09, -5.12675235597726e-09, 1.0, -156.77687072753906), (0.0, 0.0, 0.0, 1.0))
((1.0, 2.789582431717008e-08, -2.40586871314008e-07, -85.0096435546875), (-2.7896872367705328e-08, 1.0, -4.358342721388908e-06, -58.01146697998047), (2.405867576271703e-07, 4.358342721388908e-06, 1.0, -156.77687072753906), (0.0, 0.0, 0.0, 1.0))
((1.0, -4.573240119931654e-10, 7.650764644040464e-08, -67.6668701171875), (4.573293410636836e-10, 1.0, -6.937744245760769e-08, -58.01145935058594), (-7.650764644040464e-08, 6.937744245760769e-08, 1.0, -156.77687072753906), (0.0, 0.0, 0.0, 1.0))
((1.0, 1.5926872043436902e-09, -1.0938278904859544e-07, -50.147830963134766), (-1.5926812091393572e-09, 1.0, 5.491036958460427e-08, -58.01145935058594), (1.0938278904859544e-07, -5.491036958460427e-08, 1.0, -156.77687072753906), (0.0, 0.0, 0.0, 1.0))
((1.0, 0.0, 0.0, -119.10736083984375), (0.0, 1.0, 0.0, -89.84278869628906), (0.0, 0.0, 1.0, -156.472900390625), (0.0, 0.0, 0.0, 1.0))
((1.0, 0.0, 0.0, -102.4154052734375), (0.0, 1.0, 0.0, -89.84278869628906), (0.0, 0.0, 1.0, -156.472900390625), (0.0, 0.0, 0.0, 1.0))
((1.0, 0.0, 0.0, -84.57070922851562), (0.0, 1.0, 0.0, -89.84278869628906), (0.0, 0.0, 1.0, -156.472900390625), (0.0, 0.0, 0.0, 1.0))
((1.0, 0.0, 0.0, -67.22300720214844), (0.0, 1.0, 0.0, -89.84278869628906), (0.0, 0.0, 1.0, -156.472900390625), (0.0, 0.0, 0.0, 1.0))
((1.0, 0.0, 0.0, -50.07801818847656), (0.0, 1.0, 0.0, -89.84278869628906), (0.0, 0.0, 1.0, -156.472900390625), (0.0, 0.0, 0.0, 1.0))