Sym 24b Dominoraster_Mabe.txt
((1.0, 3.870341345191264e-07, 1.0335418210161151e-06, -119.1019287109375), (-3.870368630032317e-07, 1.0, 2.6256309411110124e-06, -72.85294342041016), (-1.0335409115214134e-06, -2.6256313958583632e-06, 1.0, -155.5343017578125), (0.0, 0.0, 0.0, 1.0))
((1.0, 3.870341345191264e-07, 1.0335418210161151e-06, -102.0750732421875), (-3.870368630032317e-07, 1.0, 2.6256309411110124e-06, -72.85294342041016), (-1.0335409115214134e-06, -2.6256313958583632e-06, 1.0, -155.5343017578125), (0.0, 0.0, 0.0, 1.0))
((1.0, -4.991502464690711e-07, 8.715542776371876e-07, -84.83566284179688), (4.991495643480448e-07, 1.0, 7.264134751494566e-07, -72.85295104980469), (-8.715546186977008e-07, -7.264130204021058e-07, 1.0, -155.5343017578125), (0.0, 0.0, 0.0, 1.0))
((1.0, 3.870341345191264e-07, 1.0335418210161151e-06, -67.38400268554688), (-3.870368630032317e-07, 1.0, 2.6256309411110124e-06, -72.85294342041016), (-1.0335409115214134e-06, -2.6256313958583632e-06, 1.0, -155.5343017578125), (0.0, 0.0, 0.0, 1.0))
((1.0, 1.413517054515978e-07, 7.980962095643918e-07, -50.06255340576172), (-1.4135130754766578e-07, 1.0, -4.832692184209009e-07, -72.85295104980469), (-7.980963232512295e-07, 4.832691047340631e-07, 1.0, -155.5343017578125), (0.0, 0.0, 0.0, 1.0))
((0.9999998807907104, 0.00045036652591079473, -7.435316547343973e-06, -119.23994445800781), (-0.0004501738294493407, 0.9998540282249451, 0.017079543322324753, -82.4048843383789), (1.5126287507882807e-05, -0.017079537734389305, 0.9998541474342346, -155.43649291992188), (0.0, 0.0, 0.0, 1.0))
((0.9999997615814209, -0.0007092346204444766, -1.9927179891965352e-05, -102.19378662109375), (0.0007094715838320553, 0.999853789806366, 0.017085345461964607, -82.40467071533203), (7.806744179106317e-06, -0.017085354775190353, 0.9998540282249451, -155.43649291992188), (0.0, 0.0, 0.0, 1.0))
((0.9999998807907104, 0.00044914352474734187, -1.0213665518676862e-05, -84.58053588867188), (-0.00044890353456139565, 0.9998540282249451, 0.017080729827284813, -82.40486907958984), (1.788387271517422e-05, -0.017080724239349365, 0.9998540878295898, -155.43650817871094), (0.0, 0.0, 0.0, 1.0))
((1.0, -0.00023470121959690005, 2.1089832443976775e-05, -67.22944641113281), (0.00023430712462868541, 0.999854326248169, 0.017065400257706642, -82.40449523925781), (-2.5092029318329878e-05, -0.017065394669771194, 0.9998543858528137, -155.43650817871094), (0.0, 0.0, 0.0, 1.0))
((0.9999992847442627, -0.0012051600497215986, -2.5153105525532737e-05, -50.08125305175781), (0.0012054139515385032, 0.9998531341552734, 0.017095224931836128, -82.40459442138672), (4.5469273572962265e-06, -0.01709524355828762, 0.9998538494110107, -155.43649291992188), (0.0, 0.0, 0.0, 1.0))
((1.0, -1.9422765262788744e-07, 5.29692727013753e-07, -119.26049041748047), (1.9422674313318566e-07, 1.0, 1.7125145177487866e-06, -64.60810852050781), (-5.296930680742662e-07, -1.7125145177487866e-06, 1.0, -156.77687072753906), (0.0, 0.0, 0.0, 1.0))
((1.0, -1.9435705667092407e-07, 5.296100766827294e-07, -101.98451232910156), (1.943561471762223e-07, 1.0, 1.7132201719505247e-06, -64.60810852050781), (-5.296104177432426e-07, -1.7132201719505247e-06, 1.0, -156.77687072753906), (0.0, 0.0, 0.0, 1.0))
((1.0, -1.9435705667092407e-07, 5.296100766827294e-07, -84.85054016113281), (1.943561471762223e-07, 1.0, 1.7132201719505247e-06, -64.60810852050781), (-5.296104177432426e-07, -1.7132201719505247e-06, 1.0, -156.77687072753906), (0.0, 0.0, 0.0, 1.0))
((1.0, -1.9435705667092407e-07, 5.296100766827294e-07, -67.50416564941406), (1.943561471762223e-07, 1.0, 1.7132201719505247e-06, -64.60810852050781), (-5.296104177432426e-07, -1.7132201719505247e-06, 1.0, -156.77687072753906), (0.0, 0.0, 0.0, 1.0))
((1.0, -1.930895052737469e-07, 5.278849926071416e-07, -50.0667839050293), (1.9308859577904514e-07, 1.0, 1.7001443666231353e-06, -64.60810852050781), (-5.278853336676548e-07, -1.7001443666231353e-06, 1.0, -156.77687072753906), (0.0, 0.0, 0.0, 1.0))
((1.0, 2.789718855922274e-08, -2.4060875603026943e-07, -119.26530456542969), (-2.7898236609757987e-08, 1.0, -4.357951638667146e-06, -58.01146697998047), (2.406086423434317e-07, 4.357951638667146e-06, 1.0, -156.77687072753906), (0.0, 0.0, 0.0, 1.0))
((1.0, 2.1260873617201526e-10, -4.698923916635067e-09, -102.04205322265625), (-2.1260870841643964e-10, 1.0, 5.12675235597726e-09, -58.01145935058594), (4.698923916635067e-09, -5.12675235597726e-09, 1.0, -156.77687072753906), (0.0, 0.0, 0.0, 1.0))
((1.0, 2.789582431717008e-08, -2.40586871314008e-07, -85.0096435546875), (-2.7896872367705328e-08, 1.0, -4.358342721388908e-06, -58.01146697998047), (2.405867576271703e-07, 4.358342721388908e-06, 1.0, -156.77687072753906), (0.0, 0.0, 0.0, 1.0))
((1.0, -4.573240119931654e-10, 7.650764644040464e-08, -67.6668701171875), (4.573293410636836e-10, 1.0, -6.937744245760769e-08, -58.01145935058594), (-7.650764644040464e-08, 6.937744245760769e-08, 1.0, -156.77687072753906), (0.0, 0.0, 0.0, 1.0))
((1.0, 1.5926872043436902e-09, -1.0938278904859544e-07, -50.147830963134766), (-1.5926812091393572e-09, 1.0, 5.491036958460427e-08, -58.01145935058594), (1.0938278904859544e-07, -5.491036958460427e-08, 1.0, -156.77687072753906), (0.0, 0.0, 0.0, 1.0))
((0.42804598808288574, 0.0, 0.0, -119.10736083984375), (0.0, 0.42804598808288574, 0.0, -89.84278869628906), (0.0, 0.0, 0.42804598808288574, -156.70005798339844), (0.0, 0.0, 0.0, 1.0))
((0.42804598808288574, 0.0, 0.0, -102.4154052734375), (0.0, 0.42804598808288574, 0.0, -89.84278869628906), (0.0, 0.0, 0.42804598808288574, -156.70005798339844), (0.0, 0.0, 0.0, 1.0))
((0.42804598808288574, 0.0, 0.0, -84.57070922851562), (0.0, 0.42804598808288574, 0.0, -89.84278869628906), (0.0, 0.0, 0.42804598808288574, -156.70005798339844), (0.0, 0.0, 0.0, 1.0))
((0.42804598808288574, 0.0, 0.0, -67.22300720214844), (0.0, 0.42804598808288574, 0.0, -89.84278869628906), (0.0, 0.0, 0.42804598808288574, -156.70005798339844), (0.0, 0.0, 0.0, 1.0))
((0.42804598808288574, 0.0, 0.0, -50.07801818847656), (0.0, 0.42804598808288574, 0.0, -89.84278869628906), (0.0, 0.0, 0.42804598808288574, -156.70005798339844), (0.0, 0.0, 0.0, 1.0))