Sym 18 Blechmann_off_Mabe.txt
((1.0, 0.0, 0.0, -119.1019287109375), (0.0, 1.0, 0.0, -72.85294342041016), (0.0, 0.0, 1.0, -155.5342559814453), (0.0, 0.0, 0.0, 1.0))
((1.0, 0.0, 0.0, -102.0750732421875), (0.0, 1.0, 0.0, -72.85294342041016), (0.0, 0.0, 1.0, -155.53428649902344), (0.0, 0.0, 0.0, 1.0))
((1.0, 0.0, 0.0, -84.83566284179688), (0.0, 1.0, 0.0, -72.85295104980469), (0.0, 0.0, 1.0, -155.53428649902344), (0.0, 0.0, 0.0, 1.0))
((1.0, 0.0, 0.0, -67.38400268554688), (0.0, 1.0, 0.0, -72.85294342041016), (0.0, 0.0, 1.0, -155.53428649902344), (0.0, 0.0, 0.0, 1.0))
((1.0, 0.0, 0.0, -50.06255340576172), (0.0, 1.0, 0.0, -72.85294342041016), (0.0, 0.0, 1.0, -155.53428649902344), (0.0, 0.0, 0.0, 1.0))
((1.0, 0.00044239609269425273, 3.502413528622128e-05, -119.23985290527344), (-0.00044293017708696425, 0.999853789806366, 0.01709449663758278, -82.40482330322266), (-2.745647361734882e-05, -0.017094509676098824, 0.9998538494110107, -155.4364776611328), (0.0, 0.0, 0.0, 1.0))
((0.9999997615814209, -0.0007049738778732717, -6.020560704200761e-06, -102.19377136230469), (0.0007049738778732717, 0.9998539090156555, 0.017078964039683342, -82.40467834472656), (-6.020542969054077e-06, -0.017078964039683342, 0.9998541474342346, -155.43649291992188), (0.0, 0.0, 0.0, 1.0))
((1.0, 0.0004433874855749309, 3.4715707442956045e-05, -84.5804443359375), (-0.0004439160693436861, 0.999853789806366, 0.01709226332604885, -82.40482330322266), (-2.7132138711749576e-05, -0.017092276364564896, 0.9998539090156555, -155.43649291992188), (0.0, 0.0, 0.0, 1.0))
((1.0, -0.0002347012487007305, 2.108983426296618e-05, -67.22944641113281), (0.00023430715373251587, 0.999854326248169, 0.017065400257706642, -82.40449523925781), (-2.5092032956308685e-05, -0.017065394669771194, 0.9998543858528137, -155.43650817871094), (0.0, 0.0, 0.0, 1.0))
((0.9999992847442627, -0.0012051796074956656, -2.2879659809404984e-05, -50.08125305175781), (0.00120539462659508, 0.9998531341552734, 0.017095236107707024, -82.40459442138672), (2.273471181979403e-06, -0.017095252871513367, 0.9998538494110107, -155.43649291992188), (0.0, 0.0, 0.0, 1.0))
((1.0, 0.0, 0.0, -119.26049041748047), (0.0, 1.0, 0.0, -64.60810852050781), (0.0, 0.0, 1.0, -156.77691650390625), (0.0, 0.0, 0.0, 1.0))
((1.0, 0.0, 0.0, -101.98451232910156), (0.0, 1.0, 0.0, -64.60810852050781), (0.0, 0.0, 1.0, -156.77691650390625), (0.0, 0.0, 0.0, 1.0))
((1.0, 0.0, 0.0, -84.85054016113281), (0.0, 1.0, 0.0, -64.60810852050781), (0.0, 0.0, 1.0, -156.77691650390625), (0.0, 0.0, 0.0, 1.0))
((1.0, 0.0, 0.0, -67.50416564941406), (0.0, 1.0, 0.0, -64.60810852050781), (0.0, 0.0, 1.0, -156.77691650390625), (0.0, 0.0, 0.0, 1.0))
((1.0, 0.0, 0.0, -50.0667839050293), (0.0, 1.0, 0.0, -64.60810852050781), (0.0, 0.0, 1.0, -156.77691650390625), (0.0, 0.0, 0.0, 1.0))
((1.0, 0.0, 0.0, -119.26530456542969), (0.0, 1.0, 0.0, -58.0114631652832), (0.0, 0.0, 1.0, -156.77691650390625), (0.0, 0.0, 0.0, 1.0))
((1.0, 0.0, 0.0, -102.04205322265625), (0.0, 1.0, 0.0, -58.01145935058594), (0.0, 0.0, 1.0, -156.77691650390625), (0.0, 0.0, 0.0, 1.0))
((1.0, 0.0, 0.0, -85.0096435546875), (0.0, 1.0, 0.0, -58.0114631652832), (0.0, 0.0, 1.0, -156.77691650390625), (0.0, 0.0, 0.0, 1.0))
((1.0, 0.0, 0.0, -67.6668701171875), (0.0, 1.0, 0.0, -58.01145935058594), (0.0, 0.0, 1.0, -156.77691650390625), (0.0, 0.0, 0.0, 1.0))
((1.0, 0.0, 0.0, -50.147830963134766), (0.0, 1.0, 0.0, -58.01145935058594), (0.0, 0.0, 1.0, -156.77691650390625), (0.0, 0.0, 0.0, 1.0))
((1.0, 0.0, 0.0, -119.10736083984375), (0.0, 1.0, 0.0, -89.84278869628906), (0.0, 0.0, 1.0, -156.47296142578125), (0.0, 0.0, 0.0, 1.0))
((1.0, 0.0, 0.0, -102.4154052734375), (0.0, 1.0, 0.0, -89.84278869628906), (0.0, 0.0, 1.0, -156.47296142578125), (0.0, 0.0, 0.0, 1.0))
((1.0, 0.0, 0.0, -84.57070922851562), (0.0, 1.0, 0.0, -89.84278869628906), (0.0, 0.0, 1.0, -156.47296142578125), (0.0, 0.0, 0.0, 1.0))
((1.0, 0.0, 0.0, -67.22300720214844), (0.0, 1.0, 0.0, -89.84278869628906), (0.0, 0.0, 1.0, -156.47296142578125), (0.0, 0.0, 0.0, 1.0))
((1.0, 0.0, 0.0, -50.07801818847656), (0.0, 1.0, 0.0, -89.84278869628906), (0.0, 0.0, 1.0, -156.47296142578125), (0.0, 0.0, 0.0, 1.0))