view_jeanbaptiste.txt
((1.0, 7.581295449199388e-07, 9.883351594908163e-07, -119.1019287109375), (-7.581326144645573e-07, 1.0, 3.128608796032495e-06, -72.85294342041016), (-9.883328857540619e-07, -3.1286097055271966e-06, 1.0, -155.53428649902344), (0.0, 0.0, 0.0, 1.0))
((1.0, 7.581295449199388e-07, 9.883351594908163e-07, -102.0750732421875), (-7.581326144645573e-07, 1.0, 3.128608796032495e-06, -72.85294342041016), (-9.883328857540619e-07, -3.1286097055271966e-06, 1.0, -155.53428649902344), (0.0, 0.0, 0.0, 1.0))
((1.0, 7.484054265205486e-08, -1.0803916694612781e-07, -84.83566284179688), (-7.484071318231145e-08, 1.0, -1.6397176523241797e-06, -72.85295104980469), (1.0803903904843537e-07, 1.6397176523241797e-06, 1.0, -155.53428649902344), (0.0, 0.0, 0.0, 1.0))
((1.0, 7.581295449199388e-07, 9.883351594908163e-07, -67.38400268554688), (-7.581326144645573e-07, 1.0, 3.128608796032495e-06, -72.85294342041016), (-9.883328857540619e-07, -3.1286097055271966e-06, 1.0, -155.53428649902344), (0.0, 0.0, 0.0, 1.0))
((1.0, 7.50043113839638e-07, 9.776118758964003e-07, -50.06255340576172), (-7.500461833842564e-07, 1.0, 3.12349948217161e-06, -72.85294342041016), (-9.776096021596459e-07, -3.1235003916663118e-06, 1.0, -155.53428649902344), (0.0, 0.0, 0.0, 1.0))
((0.9999998807907104, 0.0004509519785642624, 5.440156655822648e-06, -119.23992156982422), (-0.000450979161541909, 0.9998542666435242, 0.01706479676067829, -82.40489959716797), (2.2560416255146265e-06, -0.01706479676067829, 0.9998543858528137, -155.43650817871094), (0.0, 0.0, 0.0, 1.0))
((0.9999997615814209, -0.0007100254879333079, -1.5144210919970647e-05, -102.19377899169922), (0.0007101805531419814, 0.9998540282249451, 0.01707177609205246, -82.40470123291016), (3.0205994789866963e-06, -0.017071783542633057, 0.9998542666435242, -155.43650817871094), (0.0, 0.0, 0.0, 1.0))
((0.9999998807907104, 0.0004497140762396157, 9.440514645575604e-07, -84.58051300048828), (-0.00044966465793550014, 0.9998542070388794, 0.017070844769477844, -82.40489196777344), (6.733084774168674e-06, -0.017070842906832695, 0.9998542666435242, -155.43650817871094), (0.0, 0.0, 0.0, 1.0))
((1.0, -0.0002338611229788512, 2.800493803079007e-06, -67.2294921875), (0.00023377934121526778, 0.9998545050621033, 0.017056046053767204, -82.40451049804688), (-6.7888322519138455e-06, -0.017056046053767204, 0.999854564666748, -155.43650817871094), (0.0, 0.0, 0.0, 1.0))
((0.9999992847442627, -0.001206708257086575, -2.2819913283456117e-05, -50.08123779296875), (0.0012069219956174493, 0.9998533725738525, 0.01708122529089451, -82.40462493896484), (2.204507836722769e-06, -0.017081240192055702, 0.9998540878295898, -155.43649291992188), (0.0, 0.0, 0.0, 1.0))
((1.0, -9.599878012522822e-07, 2.4660533881615265e-07, -119.26049041748047), (9.599875738786068e-07, 1.0, 1.0678853641366004e-06, -64.60810852050781), (-2.4660636199769215e-07, -1.067885136762925e-06, 1.0, -156.77691650390625), (0.0, 0.0, 0.0, 1.0))
((1.0, -9.601174042472849e-07, 2.465166630827298e-07, -101.98451232910156), (9.601171768736094e-07, 1.0, 1.0685938605092815e-06, -64.60810852050781), (-2.465176862642693e-07, -1.068593633135606e-06, 1.0, -156.77691650390625), (0.0, 0.0, 0.0, 1.0))
((1.0, -9.601174042472849e-07, 2.465166630827298e-07, -84.85054016113281), (9.601171768736094e-07, 1.0, 1.0685938605092815e-06, -64.60810852050781), (-2.465176862642693e-07, -1.068593633135606e-06, 1.0, -156.77691650390625), (0.0, 0.0, 0.0, 1.0))
((1.0, -9.601174042472849e-07, 2.465166630827298e-07, -67.50416564941406), (9.601171768736094e-07, 1.0, 1.0685938605092815e-06, -64.60810852050781), (-2.465176862642693e-07, -1.068593633135606e-06, 1.0, -156.77691650390625), (0.0, 0.0, 0.0, 1.0))
((1.0, -9.53859739638574e-07, 2.497595801287389e-07, -50.0667839050293), (9.538595122648985e-07, 1.0, 1.0473943348188186e-06, -64.60810852050781), (-2.497606033102784e-07, -1.0473941074451432e-06, 1.0, -156.77691650390625), (0.0, 0.0, 0.0, 1.0))
((1.0, 1.476689259760633e-08, 5.799342375212291e-07, -119.26530456542969), (-1.4766405875832334e-08, 1.0, -8.393362804781646e-07, -58.0114631652832), (-5.799342375212291e-07, 8.393362804781646e-07, 1.0, -156.77691650390625), (0.0, 0.0, 0.0, 1.0))
((1.0, 2.636888207785404e-10, -5.5060542791807165e-09, -102.04205322265625), (-2.6368876526738916e-10, 1.0, 6.107839567448536e-09, -58.01145935058594), (5.5060542791807165e-09, -6.107839567448536e-09, 1.0, -156.77691650390625), (0.0, 0.0, 0.0, 1.0))
((1.0, 1.4765012323891824e-08, 5.799560085506528e-07, -85.0096435546875), (-1.4764525602117828e-08, 1.0, -8.397478268307168e-07, -58.0114631652832), (-5.799560085506528e-07, 8.397478268307168e-07, 1.0, -156.77691650390625), (0.0, 0.0, 0.0, 1.0))
((1.0, -6.264299079461466e-10, 9.587307658875943e-08, -67.6668701171875), (6.264385676857387e-10, 1.0, -9.026879155271672e-08, -58.01145935058594), (-9.587307658875943e-08, 9.026879155271672e-08, 1.0, -156.77691650390625), (0.0, 0.0, 0.0, 1.0))
((1.0, 2.0625854357803064e-09, -1.3662595677033096e-07, -50.147830963134766), (-2.0625756658176897e-09, 1.0, 7.155387038437766e-08, -58.01145935058594), (1.3662595677033096e-07, -7.155387038437766e-08, 1.0, -156.77691650390625), (0.0, 0.0, 0.0, 1.0))
((1.0, 0.0, 0.0, -119.10736083984375), (0.0, 1.0, 0.0, -89.84278869628906), (0.0, 0.0, 1.0, -156.472900390625), (0.0, 0.0, 0.0, 1.0))
((1.0, 0.0, 0.0, -102.4154052734375), (0.0, 1.0, 0.0, -89.84278869628906), (0.0, 0.0, 1.0, -156.472900390625), (0.0, 0.0, 0.0, 1.0))
((1.0, 0.0, 0.0, -84.57070922851562), (0.0, 1.0, 0.0, -89.84278869628906), (0.0, 0.0, 1.0, -156.472900390625), (0.0, 0.0, 0.0, 1.0))
((1.0, 0.0, 0.0, -67.22300720214844), (0.0, 1.0, 0.0, -89.84278869628906), (0.0, 0.0, 1.0, -156.472900390625), (0.0, 0.0, 0.0, 1.0))
((1.0, 0.0, 0.0, -50.07801818847656), (0.0, 1.0, 0.0, -89.84278869628906), (0.0, 0.0, 1.0, -156.472900390625), (0.0, 0.0, 0.0, 1.0))